[]
[(80, 9), (80, 9), (80, 9), (80, 9), (80, 9), (80, 9), (80, 9), (80, 9), (80, 9), (80, 9), (80, 9)]
[(314, 35), (314, 35)]
[]
[]
[]
[(166, 19), (166, 19), (166, 19), (166, 19)]
[]
[]
[]
[]
[(153, 18), (153, 18), (153, 18), (153, 18), (153, 18)]
[(569, 65), (569, 65)]
[]
[]
[]
[]
[]
[]
[]
[]
[(149, 17), (16, 2)]
[]
[(579, 74), (579, 74)]
[(80, 9), (80, 9), (80, 9), (80, 9), (80, 9), (80, 9), (80, 9), (13, 3)]
[]
[]
[(26, 3), (26, 3), (26, 3), (26, 3), (26, 3)]
[]
[]
[]
[(125, 14), (125, 14), (125, 14), (125, 14)]
[]
[(76, 9), (76, 9), (76, 9), (76, 9), (76, 9), (76, 9), (76, 9), (76, 9), (76, 9), (19, 3)]
[]
[(392, 44), (392, 44), (46, 7)]
[(466, 52), (466, 52)]
[]
[]
[(367, 41), (13, 6)]
[]
[]
[]
[]
[(161, 18), (161, 18), (161, 18), (161, 18), (161, 18), (11, 6)]
[(359, 42), (359, 42), (359, 42)]
[]
[]
[]
[]
[(441, 50), (441, 50)]
[]
[(45, 6), (45, 6), (45, 6), (45, 6), (45, 6), (45, 6), (45, 6), (45, 6), (45, 6), (45, 6), (45, 6), (45, 6), (45, 6), (45, 6)]
[(171, 21), (171, 21), (171, 21), (171, 21), (171, 21)]
[]
[]
[]
[(252, 30), (252, 30), (252, 30), (252, 30)]
[(185, 34), (185, 34), (185, 34)]
[(159, 18), (159, 18), (1, 5)]
[(78, 11), (78, 11), (78, 11), (78, 11), (78, 11), (78, 11)]
[]
[(302, 46), (302, 46), (302, 46)]
[(587, 67), (587, 67)]
[]
[]
[(301, 34), (3, 1)]
[(369, 55), (369, 55), (369, 55), (369, 55), (369, 55), (369, 55), (369, 55), (369, 55), (369, 55), (369, 55), (369, 55), (369, 55), (369, 55)]
[(11, 2), (11, 2), (11, 2), (11, 2), (11, 2), (11, 2), (11, 2), (11, 2), (11, 2), (11, 2), (11, 2), (11, 2), (11, 2), (11, 2), (11, 2), (11, 2), (11, 2), (11, 2), (11, 2), (11, 2), (11, 2), (11, 2), (11, 2), (11, 2), (11, 2), (11, 2), (11, 2), (11, 2), (11, 2), (11, 2), (11, 2), (11, 2), (11, 2), (11, 2), (11, 2), (11, 2), (11, 2), (11, 2), (11, 2), (11, 2), (11, 2), (11, 2), (11, 2), (11, 2), (11, 2)]
[(417, 49), (417, 49)]
[]
[]
[(370, 42), (370, 42)]
[]
[(338, 38), (196, 30)]
[]
[(43, 5), (43, 5), (43, 5), (43, 5), (43, 5), (43, 5), (43, 5)]
[]
[(330, 37), (330, 37), (34, 10)]
[(17, 2), (17, 2), (17, 2), (17, 2), (17, 2), (17, 2), (17, 2), (17, 2), (17, 2), (17, 2), (17, 2), (17, 2), (17, 2), (17, 2), (17, 2), (17, 2), (17, 2), (17, 2), (17, 2), (17, 2), (17, 2), (17, 2), (17, 2), (17, 2), (17, 2), (17, 2), (17, 2), (17, 2), (17, 2), (17, 2), (17, 2), (17, 2), (17, 2), (17, 2), (17, 2), (17, 2), (17, 2)]
[]
[]
[]
[(433, 49), (433, 49)]
[(35, 4), (35, 4), (35, 4), (35, 4), (35, 4), (35, 4), (35, 4), (35, 4), (35, 4), (35, 4), (35, 4), (35, 4), (35, 4), (35, 4), (35, 4), (35, 4), (12, 2)]
[]
[(95, 11), (95, 11), (21, 7)]
[(188, 21), (188, 21)]
[(200, 23), (200, 23)]
[]
[]
[(125, 14), (125, 14), (12, 3)]
[(157, 18), (157, 18), (157, 18), (10, 9)]
[(321, 36), (321, 36)]
[]
[]
[(24, 3), (24, 3), (24, 3), (24, 3), (24, 3), (24, 3), (24, 3), (24, 3), (24, 3), (24, 3), (24, 3), (24, 3), (24, 3), (24, 3), (24, 3), (24, 3)]
[(242, 27), (242, 27), (242, 27), (68, 12)]
[(142, 16), (142, 16), (142, 16), (87, 11)]
[]
[(367, 41), (80, 11)]
[(817, 92), (817, 92)]
[]
[]
[]
[(53, 6), (53, 6), (53, 6), (53, 6), (53, 6), (53, 6), (53, 6), (53, 6), (21, 4)]
[]
[]
[(133, 15), (133, 15), (133, 15), (48, 12)]
[]
[(507, 59), (507, 59)]
[(616, 77), (616, 77)]
[(106, 12), (106, 12), (106, 12), (17, 3)]
[(53, 6), (53, 6), (53, 6), (53, 6), (53, 6), (53, 6), (53, 6), (53, 6)]
[(151, 17), (151, 17), (151, 17), (151, 17), (151, 17)]
[]
[(173, 20), (173, 20), (173, 20)]
[(151, 17), (151, 17), (151, 17), (151, 17)]
[(215, 24), (215, 24), (107, 17)]
[]
[(350, 40), (350, 40)]
[(642, 74), (642, 74)]
[]
[]
[(305, 35), (305, 35), (305, 35)]
[]
[(176, 20), (176, 20), (176, 20)]
[(417, 47), (417, 47), (417, 47), (417, 47), (417, 47), (417, 47), (417, 47), (417, 47), (417, 47), (417, 47), (417, 47), (417, 47), (417, 47), (417, 47), (417, 47), (417, 47), (417, 47), (417, 47), (417, 47), (417, 47), (417, 47), (417, 47), (417, 47), (417, 47), (417, 47), (417, 47), (417, 47), (417, 47), (417, 47), (417, 47), (417, 47), (417, 47), (417, 47), (417, 47), (417, 47), (417, 47), (417, 47), (417, 47), (417, 47), (417, 47), (417, 47), (417, 47), (417, 47)]
[]
[]
[(352, 42), (352, 42)]
[]
[(383, 43), (383, 43)]
[]
[(489, 56), (489, 56)]
[]
[]
[(44, 5), (44, 5), (44, 5), (44, 5), (8, 4)]
[]
[(256, 30), (256, 30), (256, 30)]
[(512, 58), (512, 58)]
[]
[(122, 15), (122, 15), (122, 15), (122, 15)]
[(322, 37), (87, 14)]
[]
[(202, 23), (202, 23), (202, 23), (202, 23)]
[(197, 23), (197, 23), (197, 23)]
[]
[]
[(498, 56), (167, 24)]
[]
[(24, 3), (24, 3), (24, 3), (24, 3), (24, 3), (24, 3), (24, 3), (24, 3), (24, 3), (24, 3), (24, 3), (24, 3), (24, 3), (24, 3), (24, 3), (24, 3), (24, 3), (24, 3), (24, 3), (24, 3), (24, 3), (24, 3), (24, 3), (24, 3)]
[]
[(457, 51), (457, 51)]
[]
[(188, 25), (188, 25), (188, 25)]
[(636, 72), (52, 19)]
[]
[(803, 94), (803, 94)]
[(170, 19), (170, 19), (57, 7)]
[(444, 50), (444, 50)]
[(491, 56), (491, 56), (491, 56), (491, 56), (491, 56), (491, 56), (491, 56), (491, 56), (491, 56), (491, 56), (491, 56), (491, 56), (491, 56), (491, 56), (491, 56), (491, 56), (491, 56), (491, 56), (491, 56), (491, 56), (491, 56), (491, 56), (491, 56), (491, 56)]
[(549, 64), (549, 64)]
[(273, 38), (273, 38)]
[]
[]
[(528, 59), (169, 34)]
[(295, 33), (295, 33), (295, 33)]
[]
[]
[(273, 31), (273, 31)]
[]
[]
[]
[]
[(222, 25), (222, 25), (222, 25), (71, 10)]
[(391, 44), (145, 30)]
[(89, 10), (89, 10), (89, 10), (89, 10), (89, 10), (89, 10), (89, 10)]
[(577, 65), (158, 25)]
[(534, 60), (48, 37)]
[]
[(723, 86), (723, 86)]
[]
[]
[]
[(51, 6), (51, 6), (51, 6), (51, 6), (51, 6), (51, 6), (51, 6), (51, 6), (51, 6), (51, 6), (51, 6), (51, 6), (51, 6), (51, 6), (51, 6), (51, 6)]
[]
[(150, 17), (150, 17), (150, 17)]
[(229, 26), (229, 26), (229, 26), (62, 11)]
[(359, 40), (135, 24)]
[(170, 19), (170, 19), (170, 19), (170, 19), (20, 7)]
[]
[(554, 62), (554, 62)]
[(98, 11), (98, 11), (98, 11), (98, 11)]
[]
[]
[]
[(538, 60), (101, 27)]
[]
[]
[(33, 6), (33, 6), (33, 6), (33, 6), (33, 6), (33, 6), (33, 6), (33, 6), (33, 6), (33, 6), (33, 6), (33, 6), (33, 6), (33, 6)]
[]
[(203, 23), (203, 23), (203, 23), (203, 23), (203, 23)]
[]
[(821, 93), (821, 93), (821, 93), (821, 93), (821, 93), (821, 93), (821, 93), (821, 93), (821, 93), (821, 93), (821, 93), (821, 93), (821, 93), (821, 93), (821, 93), (821, 93), (821, 93), (821, 93), (821, 93), (821, 93), (821, 93), (821, 93), (821, 93), (821, 93), (821, 93), (821, 93), (821, 93), (821, 93), (821, 93), (821, 93), (821, 93), (821, 93), (821, 93), (821, 93), (821, 93), (821, 93), (821, 93), (821, 93), (821, 93), (821, 93), (821, 93), (821, 93), (821, 93), (821, 93), (821, 93), (821, 93), (821, 93), (821, 93), (821, 93), (821, 93), (821, 93), (821, 93), (821, 93), (821, 93), (821, 93), (821, 93), (821, 93)]
[]
[(188, 21), (188, 21), (188, 21), (188, 21), (188, 21)]
[(127, 15), (127, 15), (127, 15), (127, 15), (98, 12)]
[]
[]
[(447, 50), (447, 50)]
[]
[]
[(168, 20), (168, 20), (168, 20), (168, 20), (168, 20)]
[(359, 40), (359, 40)]
[(375, 42), (375, 42), (13, 7)]
[(538, 60), (538, 60)]
[]
[]
[(98, 11), (98, 11), (98, 11), (98, 11)]
[]
[]
[]
[(95, 12), (95, 12), (95, 12), (95, 12), (95, 12), (95, 12)]
[(201, 24), (201, 24)]
[]
[]
[]
[(628, 71), (172, 21)]
[]
[(170, 19), (170, 19), (170, 19)]
[(405, 46), (405, 46), (43, 6)]
[]
[]
[]
[]
[(455, 51), (330, 44)]
[]
[]
[(425, 53), (425, 53)]
[]
[]
[]
[(88, 10), (88, 10), (88, 10), (88, 10), (88, 10), (88, 10), (88, 10)]
[]
[(572, 64), (97, 16)]
[]
[]
[(548, 63), (548, 63)]
[(282, 38), (282, 38)]
[]
[]
[]
[]
[(132, 15), (132, 15)]
[(381, 44), (381, 44)]
[]
[(783, 90), (783, 90), (783, 90), (783, 90), (783, 90), (783, 90), (783, 90), (783, 90), (783, 90), (783, 90), (783, 90), (783, 90), (783, 90), (783, 90), (783, 90), (783, 90), (783, 90), (783, 90), (783, 90), (783, 90), (783, 90), (783, 90), (783, 90), (783, 90), (783, 90), (783, 90), (783, 90), (783, 90), (783, 90), (783, 90), (783, 90), (783, 90), (783, 90), (783, 90), (783, 90), (783, 90), (783, 90), (783, 90), (783, 90), (783, 90), (783, 90), (783, 90), (783, 90), (783, 90), (783, 90), (783, 90), (783, 90), (783, 90), (783, 90), (783, 90), (783, 90), (783, 90), (783, 90), (783, 90), (783, 90), (783, 90), (783, 90), (783, 90)]
[]
[]
[(295, 33), (295, 33)]
[(286, 32), (286, 32)]
[(665, 74), (128, 24)]
[]
[(152, 17), (152, 17)]
[]
[(276, 31), (276, 31)]
[]
[]
[]
[(569, 64), (569, 64)]
[]
[]
[]
[(228, 26), (228, 26), (228, 26)]
[(472, 53), (472, 53)]
[(653, 73), (10, 10)]
[]
[]
[(343, 43), (343, 43)]
[]
[]
[]
[]
[(459, 52), (459, 52)]
[(375, 42), (7, 17)]
[(170, 19), (170, 19), (170, 19), (170, 19), (170, 19)]
[]
[(123, 14), (123, 14), (123, 14), (123, 14), (123, 14), (123, 14)]
[]
[]
[]
[]
[]
[]
[(142, 16), (142, 16), (142, 16), (142, 16)]
[(53, 6), (21, 3)]
[(382, 43), (382, 43)]
[]
[(246, 29), (246, 29), (246, 29), (246, 29)]
[(70, 8), (70, 8), (70, 8), (70, 8), (70, 8), (70, 8), (70, 8), (70, 8), (70, 8), (70, 8), (70, 8), (70, 8), (70, 8)]
[]
[]
[]
[]
[]
[]
[]
[(268, 33), (268, 33), (268, 33)]
[(550, 63), (550, 63)]
[]
[(556, 68), (154, 26)]
[]
[(567, 64), (567, 64), (567, 64), (567, 64), (567, 64), (567, 64), (567, 64), (567, 64), (567, 64), (567, 64), (567, 64), (567, 64), (567, 64), (567, 64), (567, 64), (567, 64), (567, 64), (567, 64), (567, 64), (567, 64), (567, 64), (567, 64), (567, 64), (567, 64), (567, 64), (567, 64), (567, 64), (567, 64), (567, 64), (567, 64), (567, 64), (567, 64), (567, 64), (567, 64), (567, 64), (567, 64), (567, 64), (567, 64), (567, 64), (567, 64), (567, 64), (567, 64), (567, 64), (567, 64), (567, 64), (567, 64), (567, 64), (567, 64), (567, 64), (567, 64), (567, 64), (567, 64), (567, 64), (567, 64), (567, 64), (567, 64), (567, 64), (567, 64), (567, 64), (567, 64), (567, 64), (567, 64), (567, 64)]
[]
[]
[]
[(98, 11), (98, 11), (98, 11)]
[]
[(153, 18), (153, 18), (153, 18), (153, 18), (153, 18), (153, 18)]
[(311, 44), (32, 7)]
[]
[]
[(210, 25), (210, 25)]
[]
[(229, 29), (229, 29), (229, 29), (229, 29)]
[]
[(323, 36), (323, 36), (82, 19)]
[]
[(409, 46), (35, 12)]
[(582, 67), (582, 67)]
[(383, 43), (383, 43), (383, 43)]
[]
[]
[(403, 45), (155, 23)]
[]
[]
[(569, 81), (569, 81)]
[]
[]
[(79, 9), (79, 9), (79, 9), (79, 9), (79, 9), (79, 9), (79, 9), (79, 9)]
[]
[]
[(162, 19), (162, 19), (162, 19), (162, 19)]
[]
[]
[]
[(691, 82), (16, 15)]
[(93, 11), (93, 11), (93, 11), (93, 11), (93, 11), (93, 11), (93, 11)]
[]
[]
[(267, 31), (267, 31)]
[(332, 37), (332, 37), (332, 37)]
[(141, 16), (46, 10)]
[]
[]
[(129, 16), (129, 16), (129, 16), (129, 16), (129, 16)]
[(193, 22), (193, 22), (175, 20)]
[(160, 18), (160, 18), (160, 18)]
[(526, 59), (526, 59)]
[]
[(561, 67), (561, 67)]
[(426, 48), (426, 48)]
[(402, 61), (402, 61)]
[]
[(146, 33), (146, 33)]
[]
[]
[(532, 64), (532, 64)]
[(53, 6), (53, 6), (53, 6), (53, 6), (53, 6), (53, 6), (53, 6), (53, 6), (53, 6), (53, 6), (53, 6), (53, 6), (53, 6), (53, 6), (53, 6), (53, 6)]
[(629, 72), (4, 1)]
[(694, 78), (694, 78)]
[(88, 10), (88, 10), (88, 10), (88, 10), (88, 10), (13, 6)]
[]
[]
[]
[]
[(96, 11), (96, 11), (96, 11), (14, 8)]
[]
[]
[]
[]
[]
[]
[]
[]
[(454, 53), (454, 53), (454, 53), (454, 53), (454, 53), (454, 53), (454, 53), (454, 53), (454, 53), (454, 53), (454, 53), (454, 53), (454, 53), (454, 53), (454, 53), (454, 53), (454, 53), (454, 53), (454, 53), (454, 53), (454, 53), (454, 53), (454, 53), (454, 53), (454, 53), (454, 53), (454, 53), (454, 53), (454, 53), (454, 53), (454, 53), (454, 53), (454, 53), (454, 53), (454, 53), (454, 53), (454, 53), (454, 53), (454, 53), (454, 53), (454, 53), (454, 53), (454, 53), (454, 53), (454, 53), (454, 53), (454, 53), (454, 53), (454, 53), (454, 53), (454, 53), (454, 53)]
[]
[]
[]
[(800, 94), (800, 94)]
[]
[]
[]
[(196, 22), (196, 22), (196, 22), (196, 22)]
[(342, 40), (342, 40), (342, 40)]
[(71, 8), (71, 8), (71, 8), (71, 8), (71, 8), (71, 8), (4, 1)]
[(859, 96), (8, 1)]
[(194, 22), (194, 22), (194, 22), (194, 22)]
[(665, 76), (12, 6)]
[]
[(285, 32), (285, 32), (87, 16)]
[]
[(579, 65), (579, 65), (579, 65), (579, 65), (579, 65), (579, 65), (579, 65), (579, 65), (579, 65), (579, 65), (579, 65), (579, 65), (579, 65), (579, 65), (579, 65), (579, 65), (579, 65), (579, 65), (579, 65), (579, 65), (579, 65), (579, 65), (579, 65), (579, 65), (579, 65), (579, 65), (579, 65), (579, 65), (579, 65), (579, 65), (579, 65), (579, 65), (579, 65), (579, 65), (579, 65), (579, 65), (579, 65), (579, 65), (579, 65)]
[(89, 10), (89, 10), (89, 10), (89, 10), (89, 10), (89, 10)]
[]
[(115, 13), (115, 13), (115, 13), (115, 13), (115, 13), (115, 13)]
[]
[(334, 38), (334, 38)]
[(447, 50), (125, 22)]
[]
[(17, 2), (17, 2), (17, 2), (17, 2), (17, 2), (17, 2), (17, 2), (17, 2), (17, 2), (17, 2), (17, 2), (17, 2), (17, 2), (17, 2), (17, 2), (17, 2)]
[]
[]
[]
[(195, 22), (195, 22), (195, 22), (96, 11)]
[(205, 23), (205, 23), (205, 23)]
[(78, 9), (78, 9), (78, 9), (78, 9)]
[]
[]
[]
[(25, 4), (25, 4), (25, 4), (25, 4), (25, 4), (25, 4), (25, 4), (25, 4), (25, 4), (25, 4), (25, 4), (25, 4), (25, 4), (25, 4), (25, 4), (25, 4)]
[]
[]
[(456, 52), (456, 52)]
[]
[]
[(536, 62), (244, 30)]
[]
[]
[]
[]
[(467, 53), (467, 53)]
[(105, 12), (27, 4)]
[]
[]
[(554, 64), (76, 10)]
[]
[(26, 3), (26, 3), (26, 3)]
[(115, 13), (115, 13), (115, 13), (115, 13), (115, 13), (115, 13), (115, 13), (115, 13)]
[]
[(152, 17), (123, 14)]
[(458, 53), (458, 53)]
[]
[(307, 35), (99, 15)]
[(622, 71), (622, 71)]
[(215, 24), (215, 24)]
[]
[(260, 29), (260, 29), (2, 26)]
[]
[(639, 75), (102, 22)]
[(333, 38), (333, 38), (333, 38)]
[]
[(536, 60), (103, 32)]
[(358, 40), (17, 3)]
[(132, 16), (132, 16), (132, 16)]
[(251, 28), (4, 1)]
[(241, 27), (86, 17)]
[]
[]
[]
[(153, 53), (153, 53)]
[]
[(185, 22), (185, 22), (83, 19)]
[]
[(187, 23), (187, 23), (187, 23), (187, 23)]
[]
[]
[]
[]
[]
[(518, 58), (518, 58)]
[(422, 47), (93, 22)]
[]
[(226, 26), (226, 26), (226, 26)]
[]
[(293, 33), (293, 33)]
[(548, 61), (6, 1)]
[(405, 48), (6, 4)]
[]
[]
[]
[]
[(746, 89), (746, 89)]
[(113, 13), (113, 13), (113, 13), (113, 13), (113, 13), (113, 13)]
[]
[(640, 75), (640, 75)]
[]
[(601, 68), (53, 11)]
[(71, 8), (71, 8), (71, 8), (71, 8), (71, 8)]
[]
[]
[]
[]
[]
[(284, 50), (284, 50)]
[(540, 64), (25, 31)]
[(596, 67), (596, 67)]
[]
[]
