[47, 47, 47, 8]
[40, 40, 40, 40, 40, 28, 1]
[46, 46, 46, 7, 2, 2]
[41, 41, 41, 41, 41, 41, 3, 3, 3, 1]
[43, 43, 43, 43, 43, 43, 5, 2, 1]
[48, 48, 48, 48, 48, 37, 2, 2]
[42, 42, 42, 1, 1, 1, 1, 1, 1, 1, 1, 1, 1, 1, 1, 1, 1, 1, 1, 1]
[46, 46, 46, 46, 27, 1, 1, 1, 1, 1, 1, 1, 1, 1, 1, 1, 1]
[48, 48, 48, 48, 48, 9]
[46, 46, 46, 9, 9]
[45, 45, 45, 39, 3]
[46, 46, 46, 46, 38, 1]
[44, 44, 44, 44, 44, 44, 1, 1, 1]
[48, 48, 48, 48, 48, 41]
[46, 46, 46, 46, 1, 1, 1, 1, 1, 1, 1, 1, 1]
[40, 40, 40, 40, 40, 1, 1, 1, 1, 1, 1, 1, 1, 1]
[39, 39, 39, 39, 29]
[48, 48, 48, 48, 48, 10, 1, 1]
[44, 44, 44, 44, 44, 44, 28]
[48, 48, 31, 1, 1, 1]
[31, 31, 31, 31]
[43, 43, 43, 43, 43, 43, 19, 1]
[47, 47, 47, 47, 25, 1]
[44, 44, 21]
[43, 43, 43, 43, 43, 27, 1]
[48, 48, 48, 48, 21]
[46, 46, 46, 23, 2]
[47, 47, 47, 47, 6, 1]
[46, 46, 46, 46, 46, 29, 1, 1]
[33, 33, 33, 33, 33, 33, 33, 32]
[30, 30, 30, 30, 30, 30, 30, 5, 1, 1]
[33, 33, 33, 33, 33, 33, 33, 33, 32]
[47, 47, 47, 47, 47, 25]
[45, 45, 45, 45, 42, 1]
[44, 44, 44, 44, 44, 36, 3, 1]
[47, 47, 47, 47, 47, 47, 1, 1, 1]
[46, 46, 46, 46, 46, 21, 2]
[12, 12, 12, 12, 12, 12, 12, 12, 12, 12, 12, 12, 12, 12, 12, 12, 12, 12, 12, 12, 12, 12, 12, 12, 10]
[45, 45, 17, 4, 4, 1, 1, 1]
[47, 47, 47, 47, 27, 1]
[46, 46, 46, 46, 46, 9]
[44, 44, 44, 44, 44, 44, 31, 1]
[47, 47, 47, 9, 1]
[48, 48, 48, 11, 2, 1]
[44, 44, 44, 44, 3, 3, 3, 3]
[37, 37, 27, 3]
[48, 48, 48, 48, 48, 48, 5, 1, 1]
[45, 45, 20]
[47, 47, 47, 47, 47, 12, 8, 1, 1]
[44, 44, 44, 44, 44, 26]
[44, 44, 39]
[34, 34, 34, 34, 28, 1, 1, 1, 1, 1]
[43, 43, 43, 13]
[46, 46, 46, 1, 1, 1, 1, 1]
[47, 47, 43]
[39, 39, 15, 1, 1, 1, 1, 1, 1, 1, 1]
[40, 40, 40, 40, 40, 40, 40, 8, 1, 1]
[37, 37, 37, 37]
[48, 48, 36, 2]
[48, 48, 48, 48, 10]
[43, 43, 43, 43, 41, 1]
[39, 39, 39, 1]
[32, 32, 32, 32, 32, 32]
[39, 39, 39, 39, 39]
[47, 47, 47, 47, 47, 10, 1, 1]
[43, 43, 43, 14]
[34, 34, 34, 34, 34, 34, 34, 34]
[48, 48, 48, 21, 4]
[47, 47, 47, 31, 1]
[31, 31, 31, 31, 31, 1, 1, 1, 1]
[46, 46, 46, 46, 46, 6, 6]
[48, 48, 48, 48, 42, 1]
[41, 41, 41, 41, 41, 6, 4]
[47, 47, 20, 2]
[47, 47, 20, 1, 1, 1, 1]
[48, 48, 48, 48, 48, 37]
[36, 36, 36, 36, 36, 1, 1, 1, 1]
[45, 45, 29, 3, 3]
[47, 47, 47, 47, 47, 47, 3, 3]
[44, 44, 44, 15]
[39, 39, 15, 15, 1, 1, 1, 1]
[41, 41, 41, 41, 41, 7, 5]
[27, 27, 27, 27]
[47, 47, 47, 47, 47]
[47, 47, 47, 47, 47, 11, 1]
[48, 48, 36, 4, 1, 1, 1]
[47, 47, 47, 47, 47, 47, 1, 1, 1, 1, 1, 1]
[48, 48, 48, 48, 48, 35, 1, 1]
[29, 29, 29, 29, 29]
[41, 41, 41, 8, 1, 1]
[46, 46, 46, 46, 46, 46, 18, 1, 1]
[44, 44, 44, 44, 10]
[42, 42, 42, 42, 42, 1, 1, 1]
[47, 47, 47, 47, 47, 47, 1, 1, 1, 1, 1, 1, 1]
[45, 45, 45, 34]
[34, 34, 34, 34, 34, 34, 34]
[37, 37, 37, 15, 1, 1, 1, 1, 1, 1, 1]
[47, 47, 41, 1]
[38, 38, 38, 38, 38, 38, 38, 22]
[34, 34, 34, 34, 34, 34, 20, 1]
[41, 41, 41, 41, 32]
[43, 43, 43, 43, 43, 16]
[46, 46, 46, 46, 36, 1]
[45, 45, 45, 45, 38, 3, 1]
[45, 45, 45, 45, 39]
[41, 41, 41, 41, 41, 41, 38, 1]
[48, 48, 22]
[45, 45, 45, 45, 2]
[48, 48, 4, 4, 4, 4]
[47, 47, 47, 47, 11, 3, 3]
[46, 46, 46, 46, 46, 13, 1]
[44, 44, 44, 1, 1, 1, 1, 1, 1]
[43, 43, 43, 43, 43, 38, 1, 1]
[36, 36, 36, 36]
[43, 43, 43, 43, 20, 2]
[44, 44, 44, 44, 20]
[48, 48, 48, 9, 8]
[39, 39, 39, 39, 1, 1, 1, 1, 1, 1, 1, 1, 1, 1, 1, 1, 1, 1, 1, 1]
[42, 42, 42, 42, 42, 42, 37]
[43, 43, 43, 43, 43, 1, 1, 1, 1, 1, 1, 1, 1, 1, 1, 1, 1, 1, 1, 1, 1, 1, 1, 1, 1, 1, 1]
[45, 45, 45, 45, 18, 1, 1, 1]
[48, 48, 48, 48, 36]
[38, 38, 38, 19, 1]
[48, 48, 48, 48, 48, 20, 20]
[48, 48, 3]
[41, 41, 41, 41, 41]
[44, 44, 44, 44, 44, 44, 1, 1, 1, 1, 1, 1, 1, 1]
[47, 47, 47, 22]
[36, 36, 36, 36]
[39, 39, 39, 39]
[47, 47, 47, 47, 47, 12, 2]
[48, 48, 48, 6, 1, 1]
[37, 37, 37, 37, 25, 1, 1, 1, 1, 1]
[47, 47, 47, 8, 2, 1]
[47, 47, 47, 47, 47, 40, 1]
[37, 37, 37, 37, 37]
[47, 47, 47, 47, 47, 47, 14, 1]
[45, 45, 45, 45, 45, 10]
[48, 48, 48, 48, 31, 1]
[47, 47, 47, 33, 8, 1]
[36, 36, 36, 36, 36, 13, 1, 1]
[43, 43, 43, 43, 43, 19, 1]
[48, 48, 48, 48]
[48, 48, 48, 48, 48, 48, 4]
[38, 38, 38, 29, 1, 1, 1, 1]
[30, 30, 30, 30, 30, 30, 30, 1, 1, 1, 1, 1, 1, 1, 1, 1, 1, 1, 1]
[39, 39, 39]
[37, 37, 37, 36]
[29, 29, 29, 29, 29, 29, 29, 29, 29, 15, 7, 1]
[45, 45, 17, 1]
[48, 48, 48, 48, 48, 48, 6]
[34, 34, 34, 34, 34, 34, 26, 1, 1]
[46, 46, 46, 25, 1]
[46, 46, 46, 46, 13, 13, 1, 1, 1, 1, 1, 1, 1, 1, 1, 1, 1, 1]
[46, 46, 46, 46, 22, 1, 1, 1, 1, 1]
[39, 39, 39, 39, 39, 39, 39, 19, 2]
[43, 43, 43, 43, 43, 30]
[42, 42, 42, 42, 42, 42, 5, 5, 5]
[45, 45, 45, 45, 45, 19, 1]
[48, 48, 8, 1]
[48, 48, 48, 42]
[46, 46, 46, 15]
[45, 45, 45, 1, 1, 1, 1]
[47, 47, 47, 47, 26]
[23, 23, 23, 23, 23, 23, 23]
[24, 24, 24, 24, 24, 24, 24]
[37, 37, 37, 37, 10]
[48, 48, 48, 29, 1]
[35, 35, 35]
[45, 45, 45, 45, 45, 45, 13, 1, 1, 1, 1, 1, 1, 1, 1]
[44, 44, 8, 5]
[40, 40, 40, 40, 40, 40, 2, 1]
[32, 32, 32, 32, 32, 26, 1]
[44, 44, 44, 44, 44, 44, 18, 1, 1, 1, 1, 1, 1, 1, 1, 1, 1, 1, 1, 1, 1]
[48, 48, 48, 48, 2, 2, 1]
[48, 48, 48, 48, 48, 34]
[25, 25, 25, 25, 25, 25, 25, 19, 1, 1, 1]
[40, 40, 40, 33]
[32, 32, 32, 32]
[31, 31, 31, 27]
[47, 47, 47, 47, 47, 40, 1, 1]
[36, 36, 32, 3]
[39, 39, 34, 1, 1, 1]
[47, 47, 44, 1]
[41, 41, 41, 11, 11, 11, 1]
[44, 44, 44, 44, 34, 1]
[46, 46, 46, 46, 46, 46]
[44, 44, 16]
[48, 48, 1, 1, 1]
[48, 48, 48, 48, 48, 48, 1, 1, 1, 1, 1, 1, 1, 1, 1, 1]
[36, 36, 36, 36, 36, 31, 3, 1]
[46, 46, 46, 46, 46, 19, 1]
[47, 47, 47, 47, 47, 36]
[46, 46, 46, 2, 1]
[48, 48, 48, 48, 48, 6, 6, 1, 1]
[48, 48, 48, 37, 1, 1]
[48, 48, 21]
[33, 33, 33, 33, 33, 33, 33, 33, 18, 1]
[48, 48, 17]
[48, 48, 48, 48, 48, 48, 1, 1, 1, 1, 1, 1, 1, 1, 1]
[20, 20, 20, 20, 20, 20, 20, 3, 3, 3, 3]
[25, 25, 25, 25, 25, 25, 25, 25, 1, 1, 1]
[48, 48, 48, 17, 7]
[48, 48, 48, 48, 48, 17, 1, 1, 1]
[42, 42, 42, 19, 19, 1, 1, 1]
[38, 38, 38, 38, 10, 1]
[48, 48, 43]
[47, 47, 47, 47, 1, 1, 1, 1, 1]
[47, 47, 47, 29]
[31, 31, 31, 12, 1, 1]
[47, 47, 47, 47, 47, 47, 3, 3, 3]
[47, 47, 47, 27, 1, 1]
[45, 45, 45, 45, 45, 15]
[48, 48, 48, 48, 36, 1]
[42, 42, 42, 42, 42, 42, 17, 1, 1, 1, 1, 1]
[44, 44, 44, 44, 44, 16, 5]
[46, 46, 46, 46, 21, 2]
[13, 13, 13, 13, 13, 13, 13, 13, 13, 13, 13, 13, 13, 13, 8, 1]
[46, 46, 46, 32, 3]
[36, 36, 36, 36, 36]
[45, 45, 45, 45, 45, 31, 3]
[45, 45, 45, 45, 45, 25, 3]
[43, 43, 43, 43, 43, 21]
[46, 46, 46, 46, 46, 46, 1, 1, 1, 1, 1, 1, 1]
[39, 39, 39, 39, 39, 39, 39, 4]
[40, 40, 40, 40, 40, 3, 3, 3, 3, 3, 3, 1, 1]
[33, 33, 33, 33, 33, 33, 16, 1, 1, 1, 1, 1]
[41, 41, 26, 1, 1]
[44, 44, 44, 3, 3, 1, 1]
[36, 36, 36, 36, 36, 36, 36, 36, 1, 1]
[39, 39, 39, 23, 1, 1, 1, 1, 1]
[48, 48, 48, 17, 1, 1, 1]
[47, 47, 47, 47, 47, 20, 14]
[48, 48, 48, 48]
[26, 26, 26, 26, 26, 26, 26, 26, 19, 2]
[27, 27, 27, 27]
[47, 47, 47, 47, 24, 1]
[38, 38, 38, 38, 38]
[44, 44, 44, 44, 27, 1, 1]
[43, 43, 43, 1, 1, 1, 1, 1, 1, 1, 1, 1, 1, 1, 1, 1, 1, 1, 1, 1, 1, 1, 1, 1, 1, 1]
[47, 47, 47, 47, 1, 1, 1, 1, 1, 1, 1, 1]
[31, 31, 31, 31, 31, 31, 31, 31, 31]
[48, 48, 44, 1]
[22, 22, 22, 22, 18]
[47, 47, 47, 11]
[43, 43, 29]
[47, 47, 47, 47, 47, 4]
[42, 42, 42, 31, 1]
[38, 38, 38, 38, 38, 38, 32]
[39, 39, 39, 28]
[47, 47, 47, 26]
[46, 46, 46, 6, 1]
[47, 47, 47, 13, 1, 1]
[38, 38, 38, 14, 1, 1]
[48, 48, 48, 48, 25, 3, 1, 1]
[25, 25, 25, 25, 25, 25, 25, 25, 25, 25, 25]
[36, 36, 36, 36, 18, 4, 4, 4, 1, 1, 1]
[44, 44, 44, 44, 21, 1, 1, 1, 1]
[17, 17, 17, 17, 17, 17, 17, 17]
[42, 42, 3, 3, 3, 3, 3, 3, 1]
[37, 37, 37, 37, 37, 37, 37]
[41, 41, 41, 4, 4, 4, 1]
[48, 48, 10, 1, 1, 1, 1]
[45, 45, 45, 45, 42]
[48, 48, 48, 48, 48, 1, 1, 1, 1, 1, 1, 1, 1]
[43, 43, 43, 43, 43, 21, 1, 1, 1, 1, 1, 1, 1, 1, 1, 1]
[45, 45, 21, 1]
[47, 47, 47, 47, 28, 1, 1]
[47, 47, 29, 1]
[43, 43, 43, 43, 43]
[46, 46, 19, 2, 2, 2, 2, 2]
[47, 47, 36, 1, 1]
[46, 46, 1, 1, 1, 1, 1, 1, 1, 1, 1, 1, 1]
[45, 45, 45, 4, 1, 1, 1]
[41, 41, 41, 41]
[46, 46, 46, 46, 35, 8]
[48, 48, 48, 48, 43, 4]
[48, 48, 48, 1, 1, 1, 1]
[45, 45, 45, 45, 1, 1, 1, 1]
[38, 38, 38, 38, 38, 38, 1, 1, 1, 1, 1, 1]
[39, 39, 39, 39, 39, 3, 3]
[46, 46, 46, 46, 32, 1, 1]
[48, 48, 48, 48, 32, 5, 2]
[32, 32, 32, 19, 1, 1, 1, 1, 1, 1, 1]
[47, 47, 47, 47, 47, 17, 1, 1]
[48, 48, 48, 43, 2, 1]
[46, 46, 46, 46, 46, 16, 3, 2]
[46, 46, 18, 1]
[48, 48, 48, 48, 19, 1]
[48, 48, 48, 48, 10, 1, 1, 1, 1, 1, 1]
[44, 44, 44, 44, 44, 1, 1, 1, 1, 1, 1, 1, 1, 1, 1, 1, 1, 1, 1, 1, 1]
[43, 43, 43, 3, 3, 1]
[47, 47, 47, 47, 42, 1, 1, 1]
[27, 27, 27, 27]
[47, 47, 47, 47, 47, 47, 3, 3, 3, 3]
[39, 39, 39, 1, 1, 1, 1, 1, 1, 1]
[45, 45, 45, 45, 45, 20, 1, 1]
[48, 48, 48, 44, 1, 1]
[41, 41, 41, 2, 2, 2]
[48, 48, 48, 48, 5]
[48, 48, 48, 3, 3]
[36, 36, 36, 36, 36, 36, 1, 1, 1, 1]
[35, 35, 35, 35, 35, 35, 35, 35, 5, 5, 1]
[48, 48, 48, 44, 1]
[40, 40, 40, 40, 40, 40, 28, 1, 1, 1]
[35, 35, 35, 35, 1, 1, 1, 1, 1, 1, 1, 1, 1, 1]
[48, 48, 48, 48, 9]
[48, 48, 48, 24, 12, 1]
[44, 44, 44, 44, 44, 1, 1, 1, 1, 1, 1, 1, 1, 1, 1, 1, 1, 1, 1, 1, 1, 1, 1, 1, 1, 1, 1, 1, 1, 1]
[47, 47, 47, 47, 47, 47, 7, 1]
[34, 34, 34, 34, 34, 31, 1]
[47, 47, 47, 47, 47, 47, 11, 2]
[46, 46, 42, 1, 1, 1]
[42, 42, 42, 42, 42, 42, 42]
[40, 40, 40, 40, 10, 1, 1, 1]
[44, 44, 44, 44, 9]
[48, 48, 48, 48, 6, 6, 1, 1]
[39, 39, 39, 5, 5, 5, 5, 5, 1, 1, 1]
[46, 46, 46, 46, 46]
[33, 33, 33, 33, 6, 6, 6, 6, 6, 1]
[32, 32, 32, 32, 32, 32, 32, 2, 1]
[43, 43, 43, 4, 4, 4, 4]
[26, 26, 26, 26, 26, 1, 1, 1, 1, 1, 1, 1, 1, 1, 1, 1, 1, 1, 1, 1, 1, 1, 1, 1]
[23, 23, 23, 23, 23, 23, 12, 1]
[31, 31, 31, 31, 31, 1, 1, 1, 1, 1, 1, 1, 1, 1, 1, 1, 1, 1, 1, 1, 1, 1, 1]
[45, 45, 45, 45, 45, 4]
[44, 44, 44, 44, 44, 44, 27, 4]
[46, 46, 46, 46, 26, 4]
[48, 48, 48, 28, 1, 1, 1, 1]
[45, 45, 14, 1, 1]
[46, 46, 9, 1, 1, 1, 1]
[46, 46, 46, 46, 3, 3, 3, 3]
[44, 44, 44, 44, 44, 3]
[42, 42, 25]
[29, 29, 29, 29, 29, 29, 29, 29]
[39, 39, 39]
[48, 48, 48, 40]
[46, 46, 46, 46, 46, 46, 12, 2]
[47, 47, 47, 47, 47, 21]
[39, 39, 39, 39, 39, 39, 39]
[48, 48, 48, 48, 8]
[44, 44, 44, 44, 21, 1, 1, 1, 1, 1, 1, 1, 1]
[45, 45, 45, 2, 2, 2]
[47, 47, 47, 47, 47, 2, 1]
[42, 42, 42, 23, 1]
[46, 46, 46, 46, 46, 32, 1, 1, 1]
[48, 48, 48, 32, 1, 1]
[48, 48, 48, 48, 48, 29, 3, 1, 1]
[45, 45, 45, 45, 19, 1, 1]
[35, 35, 10, 10, 10]
[46, 46, 46, 46, 16, 1]
[48, 48, 46, 1]
[36, 36, 36, 36, 36, 36, 36, 36, 6, 1]
[44, 44, 8, 8, 2]
[48, 48, 23, 4]
[45, 45, 45, 45, 45, 11, 1]
[46, 46, 46, 46, 38, 1, 1, 1, 1]
[44, 44, 44, 44, 44, 44, 20, 1]
[48, 48, 48, 48, 48, 17, 2, 1]
[40, 40, 40, 40, 40, 40, 5]
[45, 45, 45, 45, 45, 1, 1, 1, 1, 1, 1, 1, 1, 1, 1, 1, 1, 1, 1, 1, 1, 1, 1, 1, 1, 1, 1, 1, 1, 1, 1, 1, 1, 1, 1, 1]
[24, 24, 24, 24, 24, 24, 24, 24, 1, 1, 1, 1]
[46, 46, 46, 24, 10, 1]
[44, 44, 44, 44, 44, 44, 1, 1, 1, 1, 1, 1, 1]
[41, 41, 41]
[39, 39, 39, 39, 39, 28]
[47, 47, 47, 47, 47, 33, 1, 1, 1, 1, 1, 1, 1, 1, 1]
[44, 44, 44, 44, 44, 12, 1, 1, 1]
[32, 32, 32, 32, 20, 1, 1, 1]
[46, 46, 46, 31, 4]
[44, 44, 44, 1, 1, 1]
[48, 48, 48, 48, 48, 48]
[47, 47, 47, 47]
[44, 44, 44, 44, 5, 5, 5, 5, 5, 5, 1]
[45, 45, 45, 45, 33]
[7, 7, 7, 7, 7, 7, 7, 7, 7, 7, 7, 7, 7, 7, 7, 7, 7, 7, 7, 7, 7, 7, 5, 1]
[48, 48, 25]
[41, 41, 41, 31]
[47, 47, 47, 47, 17, 1]
[47, 47, 47, 20, 1, 1, 1]
[48, 48, 48, 30]
[48, 48, 48, 15]
[40, 40, 40, 40, 1, 1, 1]
[20, 20, 20, 20, 20, 20, 2, 2, 2, 2, 2, 2, 2, 2, 1]
[46, 46, 46, 46, 1, 1, 1, 1, 1, 1, 1]
[45, 45, 45, 45, 16, 2, 2]
[35, 35, 35, 35, 35, 35]
[43, 43, 43, 43, 1, 1, 1, 1, 1, 1]
[47, 47, 47, 47, 47, 20, 1, 1, 1, 1, 1]
[47, 47, 47, 47, 47, 38, 1]
[32, 32, 32, 32, 32, 32, 32, 4, 4, 4]
[46, 46, 46, 46, 46, 46, 10, 4, 1, 1]
[19, 19, 19, 19, 19, 19, 19, 19]
[27, 27, 27, 27, 27, 27, 27, 27, 27, 1, 1, 1, 1]
[13, 13, 13, 13, 13, 13, 13, 13, 13, 13, 13, 3, 3, 3]
[43, 43, 43, 43, 43, 29, 2, 2, 2]
[45, 45, 45, 3, 1]
[45, 45, 45, 23]
[46, 46, 46, 42, 3]
[46, 46, 46, 46, 46, 46]
[43, 43, 43, 43, 26, 1]
[48, 48, 48, 48, 26, 4, 1]
[41, 41, 41, 41, 41, 10, 10, 2]
[47, 47, 47, 47, 47, 14, 14, 14, 1, 1]
[40, 40, 40, 40, 40, 40, 1, 1, 1]
[45, 45, 27]
[43, 43, 43, 43, 43, 43, 17]
[48, 48, 48, 48, 48, 18, 3]
[46, 46, 37]
[47, 47, 47, 21, 1, 1, 1, 1]
[34, 34, 34, 34, 34, 34, 34, 34, 1, 1, 1, 1, 1, 1, 1, 1]
[31, 31, 31, 31, 31, 31, 31, 31, 14, 1]
[48, 48, 31, 9]
[47, 47, 47, 47, 47, 21, 4, 1]
[48, 48, 48, 48, 48, 48, 3, 3, 1]
[36, 36, 36]
[33, 33, 33, 33, 33, 33]
[25, 25, 25, 25, 25, 25, 25, 25, 12, 4]
[48, 48, 48, 48, 48, 33, 1]
[48, 48, 48, 48, 45]
[47, 47, 47, 47, 47, 38, 1, 1]
[47, 47, 47, 16, 1, 1]
[44, 44, 44, 44, 28, 7, 4, 1, 1]
[41, 41, 41, 41, 41, 30, 1, 1, 1, 1]
[29, 29, 29, 29, 29, 29, 29, 29, 29, 22, 1, 1, 1, 1, 1, 1]
[43, 43, 43, 43, 29, 9, 1, 1]
[47, 47, 47, 25, 1, 1]
[37, 37, 37, 37, 37, 37]
[36, 36, 36, 36, 36, 36]
[47, 47, 47, 47, 47, 47, 6]
[47, 47, 47, 47, 47, 1]
[30, 30, 30, 30, 2, 1]
[42, 42, 42, 2]
[48, 48, 48, 48, 48, 8, 2, 2, 2]
[48, 48, 48, 6, 1, 1, 1, 1]
[47, 47, 47, 47, 45]
[37, 37, 37, 9, 9, 1, 1, 1, 1, 1]
[33, 33, 33, 33, 33, 33, 33, 33]
[44, 44, 44, 44, 44, 44]
[47, 47, 47, 47, 47, 5, 5, 5, 5, 1]
[47, 47, 47, 47, 47, 45, 1]
[26, 26, 26, 26, 26, 26, 26, 26]
[44, 44, 44, 44, 26, 1, 1, 1]
[45, 45, 16, 16, 1, 1]
[43, 43, 43, 43, 1, 1, 1, 1, 1]
[48, 48, 48, 22, 8]
[45, 45, 45, 45, 45, 45, 1]
[47, 47, 47, 47, 47, 47, 6, 1]
[48, 48, 44, 2]
[40, 40, 40, 40, 40, 40, 31, 4]
[41, 41, 41, 8, 8, 8, 8]
[48, 48, 48, 48, 1, 1, 1, 1, 1, 1, 1, 1, 1, 1, 1, 1, 1, 1, 1, 1, 1, 1, 1, 1, 1, 1, 1, 1, 1, 1]
[47, 47, 47, 47, 47, 20, 1, 1]
[44, 44, 44, 44, 33]
[41, 41, 41, 41, 11]
[41, 41, 41, 41, 41, 24]
[48, 48, 28, 1]
[44, 44, 44, 13, 1]
[45, 45, 45, 25, 1, 1, 1, 1]
[37, 37, 37, 37, 37, 37, 37, 25, 1, 1, 1, 1, 1, 1, 1]
[48, 48, 48, 5, 5, 1, 1]
[45, 45, 45, 45, 2, 1]
[47, 47, 47, 47, 30]
[32, 32, 32, 4, 4, 4, 4, 4, 4, 4, 1, 1]
[48, 48, 4]
[48, 48, 48, 48, 42, 2]
[48, 48, 40, 1]
[27, 27, 27, 27, 27, 27, 27, 27, 27, 1, 1, 1, 1, 1]
[47, 47, 47, 47, 47, 47, 2, 2, 1]
[47, 47, 20, 1, 1, 1]
[35, 35, 35, 35, 29]
[45, 45, 39, 1, 1, 1, 1, 1]
[47, 47, 47, 47, 1, 1]
[45, 45, 16]
[44, 44, 44, 44, 1, 1, 1]
[42, 42, 42, 20, 2, 1]
[41, 41, 41, 41, 41, 8]
[44, 44, 44, 44, 27, 1, 1]
[27, 27, 27, 27, 27, 27, 27, 27, 27]
[43, 43, 43, 34, 1, 1, 1, 1, 1]
[42, 42, 42, 42, 42, 42, 1, 1, 1, 1, 1, 1, 1, 1, 1]
[48, 48, 11, 1]
[43, 43, 43, 43, 43, 43, 1, 1, 1, 1, 1, 1, 1, 1, 1, 1, 1, 1, 1, 1, 1]
[41, 41, 41, 32, 1]
[44, 44, 44, 44, 44, 44, 27, 1, 1, 1]
[44, 44, 44, 44, 20, 1]
[38, 38, 38, 38, 38, 38, 38]
[48, 48, 48, 48, 18, 1, 1, 1]
[43, 43, 43, 43, 1, 1, 1, 1, 1, 1, 1, 1, 1, 1, 1, 1, 1, 1, 1]
[46, 46, 46, 46, 9, 1, 1]
[44, 44, 44, 44, 1]
[42, 42, 42, 42, 42, 42, 42]
[44, 44, 44, 44, 35, 6, 2]
[46, 46, 46, 46, 10, 7, 1]
[46, 46, 46, 46, 1, 1, 1, 1, 1]
[48, 48, 48, 48, 34, 1]
[41, 41, 41, 41, 41, 41, 32, 1, 1]
[42, 42, 42, 42, 42, 22, 1, 1, 1, 1]
[46, 46, 5, 5, 1]
[44, 44, 44, 1, 1, 1, 1, 1, 1]
