('cycle', [7, 172, 131, 18, 240, 66, 259, 237])
('cycle', [7, 57, 42, 69, 49, 124, 34])
('toposort', [84, 113, 89, 0, 3, 39, 108, 36, 53, 41, 62, 35, 67, 100, 56, 19, 1, 83, 110, 34, 81, 15, 4, 11, 26, 38, 69, 45, 66, 112, 87, 52, 94, 82, 14, 55, 25, 37, 71, 106, 40, 80, 68, 95, 18, 27, 98, 33, 30, 72, 50, 48, 79, 12, 63, 10, 85, 96, 65, 107, 78, 31, 42, 86, 88, 61, 104, 92, 5, 59, 90, 43, 20, 28, 2, 47, 111, 60, 64, 23, 75, 46, 97, 16, 105, 73, 76, 6, 91, 58, 74, 54, 29, 77, 57, 101, 7, 17, 102, 103, 22, 109, 99, 93, 24, 51, 32, 49, 13, 21, 8, 44, 70, 9])
('toposort', [247, 98, 212, 149, 102, 39, 38, 76, 198, 58, 31, 2, 275, 255, 120, 70, 160, 161, 151, 43, 135, 132, 197, 143, 111, 5, 4, 177, 108, 245, 241, 59, 210, 112, 10, 276, 97, 250, 45, 27, 109, 207, 214, 233, 272, 1, 52, 153, 154, 130, 292, 186, 221, 67, 46, 121, 230, 268, 40, 188, 12, 231, 69, 266, 134, 234, 8, 84, 60, 14, 285, 213, 206, 246, 274, 175, 6, 162, 90, 89, 100, 101, 3, 62, 138, 244, 249, 126, 80, 124, 127, 209, 15, 176, 136, 78, 195, 85, 228, 119, 48, 145, 118, 86, 205, 211, 7, 18, 269, 290, 183, 156, 180, 178, 265, 191, 75, 96, 289, 282, 61, 281, 216, 164, 182, 0, 87, 172, 91, 115, 220, 287, 47, 9, 225, 137, 278, 273, 185, 291, 28, 171, 201, 170, 20, 79, 232, 277, 82, 251, 123, 169, 261, 104, 224, 166, 279, 93, 257, 199, 65, 260, 262, 252, 239, 37, 68, 258, 83, 74, 144, 139, 106, 53, 263, 226, 103, 56, 99, 192, 71, 66, 94, 236, 193, 288, 57, 202, 253, 208, 114, 284, 140, 189, 55, 254, 248, 17, 42, 222, 283, 29, 133, 148, 30, 163, 196, 259, 36, 238, 142, 26, 267, 51, 215, 174, 150, 13, 293, 223, 190, 50, 63, 128, 24, 72, 95, 11, 181, 107, 105, 131, 54, 237, 217, 116, 159, 117, 73, 25, 155, 129, 49, 184, 242, 92, 256, 194, 113, 21, 122, 32, 240, 227, 165, 147, 125, 264, 235, 77, 286, 158, 271, 22, 203, 19, 35, 168, 167, 270, 157, 152, 218, 280, 141, 146, 173, 219, 187, 33, 243, 110, 200, 64, 16, 179, 204, 34, 229, 81, 88, 44, 41, 23])
('cycle', [10, 49, 71, 112, 240, 205, 94, 24, 210, 191, 202, 221, 141])
('toposort', [145, 87, 197, 53, 122, 190, 177, 92, 168, 196, 64, 62, 102, 123, 58, 206, 98, 221, 156, 94, 217, 199, 211, 49, 71, 242, 32, 39, 167, 112, 69, 23, 178, 5, 164, 222, 0, 27, 172, 207, 170, 213, 72, 118, 203, 189, 86, 161, 63, 220, 46, 158, 120, 61, 110, 13, 183, 219, 249, 52, 243, 43, 101, 139, 111, 50, 204, 30, 179, 116, 200, 230, 83, 41, 173, 12, 24, 73, 246, 108, 36, 239, 144, 21, 60, 127, 188, 124, 234, 80, 148, 185, 3, 195, 85, 51, 28, 65, 128, 82, 137, 48, 103, 99, 6, 136, 225, 19, 201, 223, 68, 25, 187, 166, 151, 35, 143, 236, 154, 105, 115, 191, 104, 235, 79, 47, 244, 29, 174, 119, 169, 18, 54, 2, 67, 218, 84, 113, 90, 81, 176, 91, 192, 17, 147, 97, 95, 175, 138, 226, 9, 66, 229, 142, 131, 74, 126, 194, 7, 20, 121, 132, 100, 245, 88, 44, 238, 231, 209, 59, 198, 8, 227, 153, 162, 150, 4, 215, 134, 57, 216, 140, 180, 45, 248, 163, 114, 141, 130, 210, 1, 70, 78, 10, 224, 109, 125, 155, 16, 184, 152, 37, 42, 38, 233, 149, 107, 117, 40, 15, 182, 26, 135, 33, 14, 106, 34, 186, 241, 202, 212, 214, 56, 93, 129, 232, 240, 76, 208, 55, 31, 165, 22, 193, 11, 96, 171, 77, 157, 237, 247, 160, 146, 75, 181, 133, 228, 205, 159, 89])
('cycle', [60, 66, 125, 93, 120, 207])
('toposort', [121, 22, 91, 53, 59, 95, 98, 9, 4, 3, 34, 93, 12, 102, 58, 137, 41, 65, 13, 85, 74, 73, 52, 97, 42, 79, 135, 119, 37, 63, 19, 143, 25, 145, 7, 118, 48, 146, 10, 5, 56, 123, 140, 47, 122, 78, 89, 139, 0, 36, 32, 61, 111, 44, 94, 17, 86, 92, 14, 24, 55, 84, 125, 96, 130, 147, 71, 141, 80, 46, 99, 105, 39, 136, 72, 132, 90, 100, 83, 33, 68, 103, 113, 8, 45, 114, 109, 28, 6, 133, 38, 107, 51, 50, 1, 104, 30, 18, 134, 64, 16, 43, 60, 82, 27, 138, 117, 15, 127, 112, 23, 120, 20, 57, 131, 101, 2, 21, 126, 108, 76, 67, 62, 142, 129, 69, 115, 29, 66, 26, 124, 35, 75, 116, 11, 110, 87, 77, 70, 40, 54, 49, 144, 128, 81, 106, 31, 88])
('cycle', [25, 89, 122, 90, 84, 102, 150, 86])
('cycle', [3, 184, 65, 120, 182, 53, 167, 131, 193, 19, 218])
('toposort', [94, 99, 207, 32, 50, 142, 169, 43, 196, 52, 158, 143, 167, 7, 10, 68, 188, 203, 149, 170, 104, 195, 175, 69, 148, 139, 72, 179, 109, 103, 194, 113, 138, 129, 26, 76, 73, 66, 114, 160, 171, 12, 56, 159, 211, 101, 9, 201, 144, 185, 182, 187, 24, 180, 25, 153, 214, 216, 77, 29, 200, 62, 46, 13, 176, 119, 17, 83, 133, 61, 164, 87, 27, 58, 0, 28, 82, 106, 33, 168, 4, 92, 16, 63, 91, 122, 48, 191, 55, 102, 177, 172, 161, 3, 44, 156, 8, 145, 81, 79, 95, 134, 157, 123, 78, 108, 136, 126, 186, 111, 135, 84, 67, 86, 51, 147, 80, 190, 40, 93, 23, 47, 49, 213, 54, 205, 204, 189, 197, 36, 165, 116, 11, 41, 90, 146, 193, 38, 121, 125, 88, 21, 178, 132, 1, 120, 96, 2, 184, 208, 59, 34, 181, 128, 115, 127, 202, 141, 100, 162, 15, 6, 19, 98, 163, 22, 107, 209, 97, 75, 215, 45, 166, 199, 85, 183, 112, 130, 110, 53, 198, 60, 192, 65, 64, 117, 210, 124, 151, 137, 42, 70, 57, 118, 14, 18, 39, 31, 89, 140, 173, 37, 5, 71, 35, 150, 74, 105, 20, 131, 212, 174, 152, 30, 206, 155, 154])
('cycle', [31, 72, 35, 76, 65, 106, 142, 93])
('cycle', [1, 17, 6, 171, 177, 90, 148, 175, 82, 93, 198])
('cycle', [1, 11, 119, 183, 219, 40, 242, 137])
('cycle', [5, 125, 52, 162, 50, 169, 70])
('toposort', [17, 36, 145, 87, 68, 104, 91, 106, 119, 93, 10, 113, 101, 111, 49, 151, 132, 43, 146, 22, 148, 78, 128, 102, 131, 83, 26, 97, 7, 9, 5, 44, 99, 71, 77, 137, 35, 118, 89, 62, 29, 64, 90, 53, 34, 86, 136, 129, 2, 32, 92, 107, 135, 21, 108, 109, 112, 23, 47, 65, 142, 61, 100, 110, 114, 12, 63, 19, 4, 16, 140, 84, 69, 115, 46, 25, 105, 125, 1, 79, 6, 134, 14, 85, 139, 123, 51, 30, 55, 54, 80, 8, 70, 98, 94, 40, 143, 42, 72, 95, 103, 122, 82, 147, 56, 3, 24, 66, 38, 149, 121, 41, 96, 73, 81, 39, 144, 28, 27, 130, 150, 60, 117, 13, 126, 48, 74, 133, 58, 20, 138, 76, 15, 37, 52, 11, 116, 31, 127, 59, 75, 141, 50, 45, 67, 120, 88, 124, 18, 57, 33, 0])
('cycle', [40, 204, 48, 171, 133, 226, 101, 104, 231, 234, 103])
('toposort', [63, 153, 143, 96, 126, 90, 67, 169, 53, 185, 4, 29, 140, 71, 131, 155, 154, 76, 27, 94, 172, 174, 50, 117, 28, 2, 14, 171, 122, 141, 13, 69, 175, 40, 115, 127, 6, 119, 0, 38, 58, 9, 77, 159, 136, 167, 124, 179, 51, 178, 88, 176, 34, 84, 107, 151, 113, 123, 109, 47, 85, 22, 60, 10, 45, 165, 23, 180, 75, 24, 30, 12, 111, 17, 49, 83, 138, 102, 16, 163, 39, 98, 183, 173, 156, 144, 57, 43, 147, 41, 26, 46, 86, 112, 62, 121, 105, 5, 146, 89, 7, 161, 42, 152, 181, 120, 91, 164, 116, 8, 160, 93, 61, 20, 25, 125, 97, 35, 106, 157, 31, 1, 132, 170, 100, 48, 74, 37, 33, 70, 135, 19, 187, 11, 142, 54, 104, 128, 95, 59, 52, 79, 130, 80, 56, 32, 21, 3, 103, 150, 186, 78, 168, 72, 133, 184, 108, 87, 149, 55, 182, 44, 145, 118, 148, 137, 15, 73, 64, 68, 177, 139, 92, 65, 129, 81, 18, 158, 82, 134, 66, 36, 166, 162, 114, 110, 101, 99])
('cycle', [5, 85, 41, 76, 123, 147, 40, 14, 141, 116, 13])
('toposort', [141, 183, 75, 0, 21, 6, 29, 165, 138, 25, 2, 175, 261, 145, 154, 259, 66, 102, 56, 241, 126, 65, 15, 61, 193, 59, 4, 280, 121, 229, 278, 208, 8, 60, 254, 139, 12, 63, 50, 285, 237, 53, 127, 277, 125, 255, 188, 240, 108, 152, 211, 112, 14, 3, 274, 243, 231, 244, 37, 172, 43, 200, 45, 16, 239, 98, 252, 170, 214, 46, 153, 93, 101, 176, 279, 104, 209, 67, 199, 260, 192, 263, 111, 49, 80, 196, 220, 97, 92, 110, 70, 123, 174, 79, 109, 24, 62, 95, 207, 151, 225, 177, 288, 36, 159, 155, 267, 215, 173, 41, 162, 180, 221, 68, 146, 276, 150, 185, 246, 205, 144, 171, 238, 140, 161, 81, 82, 284, 216, 73, 191, 223, 283, 258, 226, 158, 232, 257, 218, 160, 224, 120, 198, 194, 270, 197, 74, 247, 245, 13, 20, 190, 184, 217, 268, 33, 55, 72, 34, 210, 131, 103, 91, 265, 166, 181, 286, 203, 212, 40, 168, 96, 228, 107, 213, 99, 236, 119, 88, 136, 113, 23, 42, 134, 164, 222, 116, 233, 137, 17, 182, 54, 156, 163, 71, 30, 128, 242, 132, 179, 105, 273, 201, 122, 76, 282, 48, 206, 84, 28, 271, 275, 1, 87, 106, 32, 256, 114, 86, 133, 10, 129, 227, 94, 230, 117, 157, 178, 272, 7, 269, 69, 251, 58, 83, 57, 287, 78, 130, 167, 186, 234, 18, 39, 262, 281, 51, 22, 195, 143, 248, 189, 202, 5, 44, 204, 147, 77, 26, 219, 90, 148, 115, 266, 64, 35, 100, 149, 27, 11, 135, 235, 169, 249, 47, 38, 250, 89, 264, 31, 253, 85, 52, 142, 187, 9, 118, 124, 19])
('cycle', [26, 53, 133, 140, 81])
('toposort', [4, 218, 0, 116, 233, 33, 117, 204, 129, 262, 101, 212, 170, 104, 269, 217, 81, 221, 59, 156, 113, 8, 22, 76, 195, 147, 224, 235, 265, 77, 125, 102, 105, 21, 133, 271, 5, 71, 208, 151, 70, 149, 93, 67, 219, 79, 111, 115, 279, 51, 32, 220, 272, 164, 211, 155, 176, 27, 153, 178, 9, 240, 28, 126, 45, 83, 132, 257, 245, 203, 252, 223, 120, 201, 193, 60, 215, 196, 97, 258, 42, 3, 88, 47, 281, 134, 255, 146, 214, 162, 157, 263, 213, 194, 107, 10, 123, 78, 278, 192, 173, 168, 140, 87, 186, 94, 182, 39, 128, 261, 99, 112, 63, 96, 210, 184, 239, 90, 187, 103, 188, 48, 54, 163, 227, 80, 139, 82, 158, 137, 38, 206, 29, 232, 17, 118, 268, 14, 189, 179, 19, 75, 181, 143, 36, 198, 66, 124, 171, 68, 250, 205, 185, 49, 84, 61, 58, 30, 174, 46, 190, 106, 142, 69, 253, 144, 74, 122, 246, 284, 23, 234, 141, 159, 26, 226, 57, 131, 91, 160, 282, 152, 64, 225, 251, 267, 285, 109, 236, 280, 13, 121, 222, 108, 274, 98, 100, 89, 150, 154, 25, 145, 207, 175, 228, 34, 167, 92, 165, 249, 148, 135, 37, 161, 180, 40, 53, 230, 56, 86, 229, 169, 7, 266, 260, 119, 256, 95, 35, 52, 242, 50, 264, 24, 241, 1, 273, 41, 11, 136, 20, 216, 276, 275, 259, 6, 16, 238, 200, 12, 199, 237, 166, 130, 244, 31, 15, 197, 127, 172, 62, 231, 209, 18, 85, 55, 270, 114, 2, 202, 44, 277, 138, 65, 254, 177, 183, 283, 243, 191, 248, 72, 43, 247, 110, 73])
('cycle', [45, 55, 81, 46, 97, 54])
('toposort', [167, 55, 205, 190, 109, 183, 162, 29, 35, 43, 127, 107, 54, 159, 100, 8, 40, 106, 111, 12, 14, 151, 65, 149, 4, 68, 121, 139, 67, 24, 32, 41, 133, 102, 124, 114, 89, 113, 135, 21, 120, 76, 112, 155, 197, 86, 152, 45, 136, 206, 140, 143, 207, 83, 16, 182, 130, 122, 49, 180, 191, 80, 75, 163, 70, 2, 174, 27, 195, 203, 69, 154, 1, 74, 20, 198, 105, 36, 22, 98, 18, 150, 134, 26, 125, 57, 108, 85, 58, 101, 147, 193, 94, 128, 90, 177, 188, 72, 138, 88, 50, 129, 66, 117, 30, 116, 60, 169, 28, 51, 181, 179, 42, 137, 33, 31, 23, 59, 0, 77, 39, 119, 160, 201, 19, 142, 56, 153, 126, 141, 17, 192, 38, 178, 7, 204, 166, 10, 96, 161, 187, 34, 71, 157, 172, 47, 148, 165, 199, 6, 3, 52, 63, 13, 184, 131, 64, 62, 144, 93, 186, 156, 97, 73, 78, 37, 115, 48, 146, 104, 123, 84, 175, 185, 53, 168, 176, 164, 189, 118, 173, 91, 87, 61, 132, 82, 200, 92, 81, 170, 79, 99, 11, 9, 196, 202, 194, 158, 95, 15, 5, 171, 25, 145, 110, 103, 44, 46])
('cycle', [11, 127, 51, 17, 20, 42, 144, 87])
('cycle', [8, 16, 42, 18])
('toposort', [69, 89, 64, 105, 109, 24, 86, 66, 94, 2, 37, 124, 5, 68, 104, 15, 74, 106, 103, 77, 20, 3, 111, 79, 121, 26, 8, 107, 114, 0, 59, 80, 102, 108, 81, 21, 84, 71, 53, 16, 118, 7, 52, 56, 39, 57, 99, 46, 61, 75, 32, 30, 9, 98, 29, 96, 116, 11, 27, 88, 95, 119, 13, 18, 34, 22, 67, 78, 112, 60, 40, 42, 123, 54, 72, 125, 100, 73, 122, 31, 92, 28, 91, 1, 33, 93, 6, 101, 4, 17, 113, 47, 76, 50, 44, 110, 45, 70, 90, 14, 12, 83, 41, 120, 97, 49, 36, 10, 117, 38, 23, 58, 25, 19, 48, 115, 43, 65, 85, 35, 63, 51, 87, 55, 82, 62])
('toposort', [10, 107, 203, 121, 29, 158, 161, 182, 93, 114, 22, 56, 142, 172, 82, 28, 44, 73, 105, 88, 183, 54, 19, 146, 18, 143, 47, 176, 58, 9, 127, 89, 61, 129, 25, 179, 149, 148, 3, 177, 37, 185, 72, 126, 70, 128, 212, 207, 66, 181, 209, 169, 69, 48, 110, 109, 157, 186, 116, 132, 84, 196, 108, 63, 33, 46, 154, 67, 98, 2, 171, 192, 59, 85, 65, 180, 6, 20, 191, 111, 57, 165, 144, 87, 5, 42, 125, 23, 168, 124, 31, 198, 195, 188, 159, 13, 39, 145, 136, 103, 90, 167, 151, 156, 83, 52, 164, 92, 141, 160, 175, 0, 140, 76, 95, 166, 41, 147, 130, 153, 91, 26, 174, 135, 11, 64, 60, 189, 193, 204, 45, 34, 30, 80, 77, 197, 178, 106, 170, 115, 119, 112, 120, 4, 213, 123, 21, 134, 173, 43, 15, 97, 1, 104, 96, 162, 55, 16, 38, 137, 184, 17, 138, 131, 79, 74, 113, 210, 81, 102, 100, 201, 150, 40, 24, 32, 36, 62, 163, 68, 86, 12, 8, 205, 75, 194, 155, 101, 94, 208, 152, 211, 139, 99, 202, 199, 206, 200, 190, 14, 71, 35, 53, 7, 78, 50, 133, 51, 187, 122, 118, 117, 49, 27])
('cycle', [12, 17, 123])
('cycle', [5, 93, 73, 21, 113, 108])
('cycle', [8, 129, 108, 61, 90])
('toposort', [42, 22, 39, 80, 19, 138, 54, 37, 13, 87, 17, 147, 30, 5, 99, 49, 65, 86, 81, 63, 88, 125, 64, 71, 104, 83, 48, 67, 143, 41, 20, 62, 101, 66, 70, 103, 127, 135, 59, 43, 76, 29, 18, 26, 46, 112, 33, 50, 34, 79, 25, 32, 2, 23, 116, 108, 27, 115, 7, 111, 8, 68, 82, 94, 36, 133, 139, 102, 109, 60, 3, 110, 95, 77, 58, 16, 89, 120, 131, 28, 1, 84, 141, 15, 0, 53, 11, 121, 14, 134, 146, 136, 52, 105, 96, 140, 98, 85, 4, 91, 74, 119, 97, 73, 69, 93, 45, 57, 24, 35, 56, 113, 38, 118, 61, 72, 47, 44, 107, 6, 145, 40, 75, 123, 106, 31, 21, 12, 55, 142, 92, 124, 90, 126, 128, 78, 132, 144, 137, 10, 51, 129, 130, 114, 100, 122, 117, 9])
('toposort', [71, 49, 95, 34, 75, 36, 9, 88, 28, 74, 45, 33, 23, 114, 110, 3, 13, 64, 112, 103, 32, 40, 21, 102, 78, 25, 89, 54, 122, 39, 55, 87, 92, 35, 6, 109, 41, 69, 61, 65, 16, 107, 7, 10, 100, 53, 56, 77, 37, 50, 0, 85, 46, 26, 8, 124, 115, 96, 63, 101, 60, 123, 24, 73, 1, 117, 93, 72, 15, 111, 30, 121, 51, 27, 68, 52, 17, 118, 120, 76, 11, 4, 31, 58, 80, 119, 44, 14, 90, 98, 99, 20, 48, 104, 66, 70, 18, 22, 59, 43, 57, 86, 106, 84, 91, 105, 29, 2, 19, 83, 97, 113, 62, 12, 82, 47, 81, 67, 79, 42, 116, 108, 94, 5, 38])
('toposort', [211, 145, 174, 172, 18, 168, 171, 30, 61, 186, 49, 44, 121, 109, 29, 124, 140, 129, 178, 43, 183, 7, 194, 0, 189, 73, 120, 101, 81, 176, 37, 113, 50, 159, 97, 115, 28, 107, 54, 24, 142, 99, 3, 14, 132, 64, 201, 147, 182, 39, 22, 20, 157, 106, 6, 27, 131, 160, 9, 181, 60, 166, 69, 133, 111, 59, 41, 17, 199, 204, 179, 67, 74, 66, 89, 205, 191, 90, 52, 71, 68, 15, 137, 76, 57, 196, 195, 80, 12, 117, 105, 47, 135, 79, 16, 31, 180, 203, 56, 40, 136, 110, 141, 197, 35, 23, 173, 1, 72, 34, 190, 144, 169, 21, 200, 96, 119, 165, 155, 8, 25, 70, 149, 33, 158, 46, 164, 112, 13, 207, 162, 134, 170, 85, 58, 153, 51, 188, 53, 100, 91, 94, 198, 92, 65, 104, 152, 38, 78, 98, 95, 167, 84, 63, 114, 193, 143, 127, 148, 156, 77, 88, 116, 209, 210, 139, 62, 75, 130, 5, 146, 42, 125, 177, 19, 187, 55, 83, 103, 26, 32, 4, 175, 126, 202, 108, 161, 87, 192, 128, 45, 93, 123, 102, 185, 122, 48, 150, 86, 154, 206, 10, 163, 208, 2, 36, 138, 151, 118, 11, 184, 82])
('cycle', [31, 39, 96, 70, 103, 67])
('cycle', [11, 137, 16, 138])
('toposort', [45, 111, 161, 19, 69, 167, 163, 148, 170, 93, 86, 30, 126, 173, 102, 54, 65, 48, 68, 99, 141, 53, 80, 142, 112, 134, 17, 110, 147, 90, 98, 166, 131, 180, 71, 8, 115, 186, 62, 25, 12, 47, 159, 169, 129, 46, 67, 132, 84, 100, 133, 104, 76, 154, 5, 16, 172, 165, 162, 9, 107, 33, 28, 151, 150, 10, 66, 122, 2, 113, 74, 178, 187, 6, 87, 14, 97, 55, 0, 182, 121, 140, 176, 13, 130, 56, 124, 168, 3, 75, 120, 81, 15, 188, 43, 95, 92, 146, 155, 11, 128, 149, 138, 157, 91, 42, 108, 160, 24, 50, 27, 61, 85, 135, 88, 29, 49, 145, 127, 137, 79, 26, 117, 119, 31, 144, 177, 34, 118, 174, 101, 73, 70, 20, 183, 64, 51, 114, 32, 94, 39, 35, 109, 125, 139, 23, 60, 72, 7, 78, 185, 58, 4, 36, 82, 164, 44, 89, 59, 22, 153, 41, 103, 158, 171, 184, 152, 175, 63, 123, 77, 143, 156, 181, 1, 57, 38, 106, 37, 40, 105, 52, 116, 18, 83, 96, 21, 136, 179])
('cycle', [4, 91, 157, 125, 9, 142, 148, 69, 160, 10])
('cycle', [5, 15, 94, 44])
('cycle', [25, 67, 54, 111, 105, 104, 77])
('cycle', [53, 165, 162, 68])
('toposort', [77, 81, 84, 109, 138, 82, 42, 9, 31, 97, 3, 57, 58, 100, 99, 107, 53, 37, 54, 38, 73, 88, 19, 111, 39, 44, 64, 40, 20, 28, 116, 25, 70, 59, 86, 75, 80, 36, 124, 1, 65, 119, 4, 33, 130, 16, 6, 23, 121, 112, 103, 49, 123, 67, 17, 46, 69, 0, 2, 136, 35, 129, 27, 76, 105, 45, 7, 15, 14, 11, 117, 13, 96, 98, 91, 94, 34, 93, 62, 72, 114, 18, 22, 60, 10, 24, 118, 56, 122, 128, 104, 5, 137, 32, 133, 87, 131, 102, 30, 68, 61, 95, 12, 47, 120, 79, 126, 29, 52, 108, 132, 106, 50, 21, 125, 66, 51, 89, 55, 78, 71, 8, 127, 26, 115, 85, 48, 110, 43, 90, 113, 101, 134, 41, 92, 135, 83, 74, 63])
('toposort', [33, 142, 157, 64, 11, 6, 153, 19, 136, 114, 7, 4, 138, 134, 17, 51, 65, 163, 91, 50, 29, 0, 159, 105, 128, 141, 108, 125, 5, 116, 149, 58, 154, 9, 14, 99, 131, 90, 2, 107, 145, 110, 83, 16, 164, 8, 61, 12, 63, 47, 27, 94, 24, 41, 25, 121, 148, 23, 62, 155, 15, 18, 88, 113, 109, 13, 127, 112, 93, 124, 160, 86, 56, 119, 75, 92, 1, 97, 32, 46, 158, 70, 85, 78, 89, 66, 44, 146, 144, 3, 117, 87, 77, 10, 132, 156, 55, 126, 133, 123, 28, 22, 118, 111, 42, 53, 67, 115, 37, 79, 135, 84, 26, 68, 30, 39, 161, 76, 103, 100, 21, 102, 98, 49, 72, 52, 59, 69, 165, 74, 31, 162, 45, 48, 139, 129, 73, 122, 54, 152, 104, 40, 130, 151, 140, 101, 20, 96, 82, 81, 147, 38, 120, 143, 57, 106, 80, 60, 150, 43, 137, 95, 71, 34, 36, 35])
('toposort', [71, 3, 123, 135, 119, 28, 7, 144, 27, 16, 141, 41, 48, 8, 17, 50, 97, 113, 138, 0, 5, 124, 136, 36, 1, 129, 107, 39, 112, 10, 150, 93, 98, 99, 110, 149, 15, 95, 100, 33, 134, 26, 104, 18, 146, 147, 80, 91, 143, 84, 72, 6, 79, 25, 78, 62, 14, 45, 101, 127, 132, 52, 58, 102, 83, 140, 49, 12, 57, 2, 87, 122, 19, 4, 64, 137, 106, 13, 70, 35, 128, 90, 86, 81, 76, 24, 51, 66, 30, 46, 55, 21, 44, 131, 117, 85, 108, 125, 42, 126, 53, 139, 103, 68, 47, 60, 142, 22, 69, 114, 65, 109, 111, 37, 115, 89, 31, 94, 148, 74, 43, 11, 88, 130, 105, 145, 77, 116, 121, 29, 56, 61, 9, 38, 67, 40, 96, 63, 133, 20, 75, 120, 59, 54, 34, 82, 23, 151, 118, 92, 32, 73])
('toposort', [24, 107, 92, 60, 72, 105, 76, 87, 100, 135, 50, 0, 6, 1, 131, 45, 34, 33, 104, 132, 46, 134, 12, 127, 90, 62, 128, 95, 25, 149, 27, 67, 142, 14, 71, 101, 80, 64, 29, 121, 81, 143, 103, 136, 19, 119, 54, 66, 120, 42, 4, 112, 145, 49, 141, 93, 139, 70, 56, 16, 98, 63, 35, 78, 79, 9, 74, 10, 5, 150, 148, 43, 91, 96, 22, 126, 18, 77, 39, 151, 97, 21, 61, 8, 122, 108, 144, 125, 117, 118, 11, 116, 55, 114, 140, 106, 20, 99, 69, 146, 83, 13, 138, 59, 102, 38, 30, 28, 84, 94, 15, 51, 36, 124, 129, 147, 75, 111, 2, 113, 58, 37, 52, 86, 65, 137, 68, 17, 23, 123, 88, 89, 44, 110, 82, 7, 40, 47, 133, 130, 53, 41, 85, 3, 73, 32, 31, 109, 115, 57, 48, 26])
('cycle', [8, 65, 71, 170, 196, 129])
('toposort', [81, 187, 257, 210, 238, 26, 71, 156, 230, 39, 75, 100, 166, 233, 179, 118, 12, 271, 213, 142, 205, 24, 160, 153, 52, 138, 3, 194, 182, 113, 82, 42, 149, 240, 204, 256, 53, 266, 77, 234, 8, 265, 105, 201, 171, 228, 221, 29, 273, 61, 43, 92, 38, 57, 79, 104, 270, 88, 247, 174, 99, 155, 48, 211, 219, 163, 137, 236, 157, 73, 135, 126, 250, 181, 91, 127, 232, 202, 110, 122, 140, 193, 7, 69, 87, 150, 65, 170, 80, 268, 196, 167, 15, 28, 241, 120, 207, 189, 146, 125, 106, 198, 114, 103, 34, 109, 260, 222, 192, 50, 254, 227, 68, 14, 2, 220, 5, 159, 200, 35, 225, 229, 112, 0, 175, 130, 32, 124, 41, 264, 49, 19, 111, 195, 251, 47, 93, 95, 272, 239, 190, 46, 72, 4, 54, 173, 1, 177, 141, 242, 55, 212, 16, 17, 98, 178, 246, 117, 217, 45, 84, 86, 267, 27, 154, 107, 119, 51, 231, 21, 89, 162, 30, 64, 36, 83, 70, 248, 56, 255, 94, 164, 108, 121, 116, 158, 132, 224, 9, 161, 237, 188, 185, 6, 252, 115, 59, 23, 180, 218, 129, 172, 63, 206, 66, 18, 215, 143, 169, 85, 191, 10, 186, 58, 147, 226, 31, 197, 209, 183, 235, 199, 136, 249, 148, 131, 78, 37, 20, 165, 168, 96, 261, 269, 263, 44, 60, 223, 152, 243, 101, 151, 25, 145, 139, 33, 123, 128, 62, 259, 97, 258, 134, 90, 216, 176, 262, 102, 144, 244, 245, 208, 22, 253, 214, 67, 40, 11, 184, 203, 76, 13, 133, 74])
('toposort', [249, 104, 42, 16, 117, 36, 113, 177, 180, 34, 198, 143, 208, 227, 146, 4, 67, 245, 53, 82, 160, 237, 3, 1, 178, 184, 182, 73, 41, 159, 81, 210, 199, 115, 99, 137, 45, 204, 79, 87, 70, 155, 51, 21, 14, 83, 90, 123, 106, 107, 110, 37, 124, 94, 209, 238, 92, 80, 158, 223, 43, 89, 23, 236, 190, 145, 149, 65, 220, 71, 175, 154, 192, 161, 85, 57, 168, 48, 233, 17, 214, 0, 103, 156, 141, 169, 129, 54, 49, 150, 31, 152, 20, 153, 9, 60, 12, 100, 5, 28, 32, 140, 10, 185, 230, 225, 108, 86, 163, 111, 15, 170, 157, 235, 6, 122, 226, 52, 171, 22, 75, 64, 66, 62, 38, 191, 131, 2, 200, 126, 30, 162, 7, 69, 121, 250, 102, 248, 105, 166, 231, 147, 29, 56, 96, 167, 221, 194, 213, 114, 8, 47, 119, 68, 19, 127, 132, 172, 135, 128, 218, 196, 95, 59, 215, 247, 118, 142, 144, 188, 11, 112, 246, 228, 212, 189, 58, 222, 133, 174, 136, 201, 139, 183, 46, 134, 224, 88, 206, 93, 109, 242, 234, 216, 101, 244, 243, 229, 219, 239, 197, 148, 97, 217, 130, 76, 35, 74, 232, 44, 181, 241, 55, 24, 120, 211, 26, 61, 77, 164, 27, 186, 125, 207, 50, 202, 13, 187, 205, 176, 39, 63, 72, 151, 195, 84, 173, 91, 240, 193, 179, 33, 18, 40, 138, 98, 116, 25, 78, 203, 165])
('toposort', [58, 46, 112, 128, 99, 11, 142, 138, 140, 98, 61, 10, 2, 14, 110, 28, 3, 141, 155, 120, 34, 96, 105, 107, 72, 0, 29, 114, 27, 41, 39, 130, 26, 60, 64, 1, 134, 108, 143, 127, 126, 94, 124, 93, 83, 44, 43, 15, 119, 82, 24, 137, 5, 135, 74, 38, 55, 118, 106, 95, 133, 73, 6, 45, 4, 132, 154, 111, 54, 113, 153, 104, 67, 117, 9, 20, 50, 65, 8, 30, 12, 131, 47, 92, 145, 16, 32, 139, 68, 22, 86, 129, 80, 116, 52, 150, 23, 25, 149, 76, 103, 77, 148, 62, 53, 147, 97, 59, 19, 151, 17, 37, 7, 87, 152, 48, 69, 18, 49, 57, 70, 84, 36, 71, 56, 40, 35, 125, 91, 33, 66, 144, 122, 100, 101, 90, 102, 89, 146, 63, 81, 88, 51, 136, 79, 13, 78, 85, 123, 121, 31, 42, 21, 109, 115, 75])
('cycle', [33, 44, 46, 42, 61, 131, 78])
('cycle', [3, 75, 84, 244, 163, 195, 165])
('cycle', [23, 57, 92, 61, 27, 117, 41, 90, 43, 94])
('cycle', [5, 214, 172, 57, 46, 260, 51, 211, 282, 186, 71])
('cycle', [35, 100, 168, 192, 199, 187, 172, 129, 200, 163, 183, 206])
('cycle', [0, 45, 148, 52, 135, 249, 157])
('toposort', [46, 3, 91, 102, 2, 1, 4, 8, 88, 45, 35, 33, 60, 40, 55, 83, 36, 12, 62, 5, 99, 24, 0, 48, 73, 100, 92, 104, 81, 43, 98, 31, 29, 14, 66, 21, 78, 52, 15, 39, 71, 42, 23, 58, 7, 59, 68, 63, 18, 30, 54, 96, 49, 57, 86, 13, 103, 27, 41, 65, 106, 34, 79, 17, 97, 101, 90, 74, 80, 89, 22, 51, 77, 6, 19, 94, 87, 25, 37, 64, 85, 38, 105, 28, 61, 20, 32, 76, 50, 53, 72, 70, 26, 69, 75, 11, 9, 84, 95, 16, 47, 67, 10, 56, 93, 82, 44])
('cycle', [4, 53, 48, 26, 138, 202, 169, 112, 175, 73, 180, 213])
('cycle', [21, 57])
('cycle', [47, 191, 231, 132, 112, 48, 248, 185, 107, 78])
('toposort', [118, 28, 49, 107, 25, 85, 7, 132, 1, 78, 99, 90, 148, 141, 64, 122, 79, 29, 119, 128, 17, 36, 51, 106, 32, 22, 111, 10, 73, 84, 140, 16, 13, 143, 124, 81, 65, 95, 80, 83, 138, 127, 26, 59, 34, 120, 50, 89, 55, 71, 102, 76, 6, 58, 57, 137, 27, 24, 115, 21, 63, 125, 69, 126, 112, 19, 93, 129, 100, 43, 139, 70, 136, 91, 46, 0, 142, 68, 117, 37, 45, 47, 54, 144, 135, 75, 31, 5, 145, 94, 105, 103, 61, 101, 35, 40, 15, 77, 146, 133, 116, 67, 18, 9, 38, 72, 147, 97, 86, 8, 12, 44, 3, 131, 2, 11, 33, 96, 92, 41, 30, 39, 114, 134, 74, 87, 82, 110, 56, 53, 98, 66, 62, 130, 23, 109, 14, 113, 108, 42, 48, 4, 60, 20, 121, 52, 104, 88, 123])
('toposort', [159, 88, 17, 210, 112, 39, 231, 197, 221, 64, 81, 36, 171, 179, 134, 7, 155, 52, 227, 193, 154, 99, 129, 136, 13, 151, 25, 125, 183, 142, 14, 32, 189, 37, 199, 11, 207, 66, 80, 121, 219, 33, 245, 26, 180, 106, 244, 161, 124, 152, 90, 53, 200, 48, 20, 203, 167, 3, 29, 213, 105, 98, 70, 137, 168, 186, 238, 141, 73, 120, 212, 74, 211, 12, 69, 118, 54, 55, 103, 243, 82, 75, 94, 71, 209, 109, 87, 195, 163, 225, 0, 61, 148, 119, 57, 67, 181, 50, 60, 113, 5, 234, 77, 89, 84, 15, 35, 102, 160, 79, 34, 43, 78, 100, 157, 187, 122, 76, 110, 93, 162, 85, 92, 196, 46, 198, 38, 146, 149, 249, 206, 232, 236, 111, 150, 123, 27, 91, 127, 176, 44, 147, 28, 131, 6, 63, 97, 247, 208, 184, 240, 86, 220, 107, 223, 45, 194, 58, 8, 250, 130, 47, 108, 16, 214, 239, 237, 31, 104, 202, 144, 170, 191, 41, 9, 116, 56, 95, 139, 22, 24, 182, 185, 18, 188, 156, 132, 145, 178, 21, 204, 201, 65, 165, 164, 72, 114, 248, 143, 51, 228, 177, 216, 175, 205, 4, 83, 138, 68, 135, 30, 235, 23, 229, 117, 19, 230, 59, 133, 10, 101, 241, 169, 226, 233, 158, 126, 49, 62, 246, 218, 140, 174, 172, 153, 115, 40, 2, 192, 242, 190, 217, 42, 96, 224, 128, 173, 166, 222, 215, 1])
('toposort', [189, 174, 67, 110, 77, 120, 143, 24, 197, 35, 209, 23, 232, 206, 49, 51, 173, 130, 200, 182, 175, 90, 199, 93, 139, 75, 63, 47, 98, 228, 60, 6, 13, 226, 204, 217, 168, 69, 194, 157, 134, 156, 141, 65, 80, 165, 178, 54, 184, 171, 4, 89, 96, 0, 212, 170, 193, 46, 48, 20, 164, 29, 103, 116, 105, 108, 179, 219, 84, 186, 167, 87, 195, 102, 161, 124, 205, 74, 229, 32, 44, 187, 201, 214, 107, 81, 225, 192, 153, 38, 64, 55, 21, 208, 137, 148, 112, 142, 109, 100, 43, 94, 71, 190, 160, 144, 216, 27, 10, 36, 203, 70, 125, 39, 131, 172, 114, 101, 66, 7, 40, 234, 86, 99, 220, 147, 73, 42, 149, 215, 9, 14, 88, 11, 152, 126, 22, 5, 78, 95, 181, 61, 19, 180, 104, 12, 16, 231, 211, 52, 68, 185, 3, 15, 26, 30, 122, 62, 210, 28, 2, 53, 158, 129, 76, 123, 162, 45, 221, 97, 176, 166, 207, 79, 151, 58, 132, 25, 115, 41, 233, 223, 31, 82, 113, 140, 8, 91, 34, 188, 17, 177, 59, 154, 127, 138, 18, 146, 169, 111, 159, 133, 196, 224, 136, 85, 128, 118, 145, 56, 155, 57, 121, 83, 213, 33, 202, 37, 218, 135, 1, 183, 198, 163, 106, 227, 119, 50, 150, 72, 117, 230, 222, 191, 92])
('cycle', [15, 98, 63, 22, 61, 80, 143, 24, 56, 81, 126, 157])
('toposort', [54, 230, 130, 142, 231, 139, 210, 30, 73, 49, 94, 176, 229, 71, 93, 51, 10, 62, 169, 36, 188, 174, 107, 219, 74, 66, 171, 213, 34, 108, 181, 162, 19, 61, 150, 175, 187, 16, 18, 207, 166, 45, 47, 200, 20, 167, 217, 212, 6, 149, 98, 27, 15, 186, 59, 88, 164, 215, 228, 192, 5, 23, 39, 42, 24, 237, 12, 134, 152, 224, 38, 195, 80, 170, 227, 168, 236, 69, 2, 157, 33, 159, 115, 201, 193, 216, 109, 173, 37, 89, 101, 52, 220, 226, 102, 57, 155, 60, 97, 14, 240, 196, 137, 131, 87, 158, 28, 138, 141, 56, 0, 203, 8, 41, 127, 29, 79, 205, 198, 172, 7, 67, 78, 77, 126, 44, 160, 232, 82, 235, 26, 194, 81, 124, 92, 85, 84, 122, 72, 233, 4, 179, 183, 110, 99, 145, 156, 116, 148, 154, 91, 211, 46, 161, 103, 104, 100, 133, 143, 13, 204, 86, 218, 55, 9, 113, 241, 48, 75, 191, 222, 189, 140, 68, 238, 17, 117, 70, 178, 153, 65, 184, 120, 50, 185, 121, 151, 76, 202, 11, 118, 147, 43, 146, 22, 35, 64, 119, 83, 221, 199, 214, 58, 234, 129, 206, 25, 105, 197, 106, 163, 1, 95, 114, 3, 132, 136, 223, 177, 123, 31, 96, 180, 90, 112, 239, 53, 182, 144, 111, 125, 208, 209, 32, 128, 225, 165, 40, 190, 135, 63, 21])
('toposort', [53, 71, 58, 67, 25, 90, 7, 86, 82, 29, 62, 51, 10, 8, 0, 1, 92, 64, 30, 43, 99, 74, 13, 49, 48, 19, 11, 46, 39, 41, 38, 40, 22, 61, 72, 37, 88, 78, 56, 97, 66, 83, 36, 35, 26, 79, 24, 69, 4, 5, 84, 73, 3, 21, 75, 47, 68, 91, 20, 80, 60, 14, 55, 87, 15, 12, 45, 65, 81, 9, 6, 59, 76, 34, 96, 27, 33, 100, 18, 17, 31, 93, 23, 63, 57, 89, 2, 50, 77, 98, 44, 85, 95, 94, 52, 16, 28, 70, 42, 54, 32])
('cycle', [1, 197, 121, 127, 219, 49, 76, 271, 106])
('cycle', [56, 66, 105, 127, 173, 62, 57])
('cycle', [23, 39, 29, 171, 30])
('toposort', [53, 236, 123, 138, 142, 146, 20, 68, 176, 12, 51, 218, 137, 86, 0, 163, 153, 18, 225, 159, 88, 126, 188, 239, 177, 69, 32, 175, 44, 37, 63, 227, 187, 96, 235, 207, 78, 231, 57, 130, 233, 76, 46, 111, 17, 232, 11, 194, 3, 140, 193, 1, 179, 82, 178, 36, 230, 190, 155, 143, 35, 112, 61, 220, 203, 48, 116, 161, 164, 158, 229, 243, 121, 135, 52, 109, 180, 144, 237, 160, 168, 2, 84, 81, 70, 14, 8, 66, 24, 167, 196, 103, 41, 56, 217, 102, 6, 98, 74, 93, 173, 94, 152, 181, 13, 129, 219, 242, 9, 246, 105, 170, 133, 117, 50, 139, 162, 214, 141, 55, 65, 38, 186, 182, 171, 205, 118, 114, 169, 67, 240, 19, 131, 120, 49, 29, 30, 21, 241, 79, 202, 124, 204, 58, 197, 156, 115, 151, 90, 80, 95, 110, 59, 183, 23, 27, 62, 15, 71, 189, 42, 107, 148, 47, 147, 113, 226, 198, 60, 222, 34, 184, 33, 245, 39, 224, 92, 157, 54, 101, 100, 165, 64, 132, 31, 4, 25, 216, 228, 210, 185, 75, 128, 134, 206, 22, 234, 28, 149, 91, 119, 125, 211, 77, 73, 174, 244, 199, 150, 45, 97, 209, 83, 238, 72, 166, 195, 106, 200, 26, 172, 136, 16, 7, 215, 208, 223, 89, 154, 192, 43, 99, 104, 127, 122, 191, 87, 201, 5, 213, 221, 108, 85, 145, 212, 40, 10])
('cycle', [17, 91, 26, 94, 174, 56, 73, 151, 97])
('cycle', [41, 84, 144])
('toposort', [267, 210, 32, 59, 36, 246, 130, 144, 180, 229, 136, 44, 240, 11, 236, 100, 119, 0, 259, 84, 151, 142, 216, 113, 90, 147, 171, 231, 58, 258, 71, 226, 67, 27, 61, 275, 244, 251, 235, 24, 128, 105, 274, 116, 280, 249, 201, 155, 187, 199, 217, 19, 212, 253, 170, 248, 173, 69, 174, 160, 270, 114, 40, 23, 107, 276, 50, 9, 221, 106, 81, 57, 282, 109, 3, 125, 242, 4, 224, 268, 6, 159, 157, 2, 269, 117, 133, 73, 150, 167, 64, 176, 45, 1, 222, 169, 260, 189, 111, 97, 228, 101, 137, 245, 213, 196, 218, 214, 86, 56, 49, 272, 123, 197, 79, 72, 261, 234, 223, 190, 277, 43, 127, 143, 15, 5, 41, 204, 191, 158, 21, 48, 55, 60, 102, 89, 129, 80, 181, 166, 215, 179, 284, 39, 70, 183, 225, 115, 26, 118, 145, 175, 219, 25, 193, 85, 178, 28, 247, 154, 177, 35, 198, 12, 126, 74, 96, 95, 188, 206, 29, 120, 239, 93, 46, 252, 135, 141, 182, 271, 77, 139, 281, 75, 134, 66, 186, 7, 255, 202, 273, 65, 8, 18, 30, 138, 195, 14, 285, 148, 257, 209, 165, 254, 110, 99, 13, 263, 22, 211, 83, 82, 192, 200, 140, 256, 220, 238, 92, 98, 31, 17, 76, 103, 132, 264, 10, 94, 164, 163, 91, 156, 227, 237, 279, 230, 37, 168, 152, 265, 104, 161, 20, 87, 112, 207, 47, 208, 266, 146, 243, 262, 233, 51, 54, 185, 131, 108, 122, 121, 52, 241, 124, 162, 205, 62, 78, 16, 203, 68, 194, 232, 42, 184, 250, 283, 278, 38, 34, 33, 53, 63, 88, 153, 149, 172])
('cycle', [0, 98, 95, 61, 71, 73, 82, 4, 40])
('cycle', [0, 22, 38])
('toposort', [83, 111, 39, 54, 79, 32, 36, 27, 38, 118, 4, 85, 108, 70, 28, 37, 80, 62, 107, 115, 8, 82, 46, 114, 89, 47, 30, 13, 10, 81, 65, 50, 98, 11, 63, 23, 35, 42, 3, 9, 12, 20, 64, 55, 119, 99, 91, 26, 41, 43, 1, 96, 2, 74, 93, 0, 17, 18, 76, 51, 22, 19, 14, 73, 24, 113, 7, 97, 109, 106, 6, 57, 52, 21, 61, 45, 58, 87, 90, 95, 25, 15, 29, 34, 88, 103, 59, 71, 40, 86, 53, 5, 69, 94, 78, 92, 56, 33, 44, 77, 31, 60, 16, 67, 102, 100, 117, 116, 101, 84, 49, 72, 48, 105, 110, 104, 75, 112, 68, 66])
('cycle', [8, 194, 22])
('toposort', [202, 173, 81, 33, 139, 94, 40, 213, 23, 14, 176, 130, 166, 16, 32, 55, 224, 84, 127, 107, 3, 43, 129, 171, 116, 4, 44, 185, 65, 30, 61, 144, 155, 204, 140, 95, 24, 187, 184, 25, 142, 175, 172, 156, 7, 17, 178, 68, 31, 93, 152, 100, 73, 165, 147, 118, 149, 121, 145, 13, 66, 132, 90, 122, 92, 89, 76, 200, 167, 170, 74, 133, 180, 189, 105, 148, 60, 103, 78, 206, 101, 6, 9, 0, 214, 27, 162, 211, 48, 154, 223, 79, 99, 163, 177, 222, 146, 49, 134, 85, 174, 46, 203, 208, 20, 63, 159, 216, 123, 210, 102, 221, 42, 88, 96, 196, 37, 157, 128, 136, 191, 195, 35, 201, 15, 186, 57, 220, 115, 75, 58, 54, 113, 1, 198, 64, 217, 112, 108, 150, 193, 52, 194, 87, 50, 11, 190, 72, 10, 12, 209, 138, 114, 117, 218, 8, 80, 111, 69, 161, 188, 124, 153, 34, 182, 137, 199, 158, 119, 205, 160, 2, 179, 120, 168, 19, 26, 39, 56, 45, 104, 141, 225, 22, 67, 97, 59, 53, 41, 135, 47, 183, 86, 71, 5, 109, 151, 143, 219, 29, 98, 83, 181, 51, 192, 28, 164, 38, 131, 215, 77, 82, 212, 106, 36, 18, 207, 110, 197, 91, 62, 21, 125, 169, 126, 70])
('cycle', [47, 54, 142, 210, 177, 218, 126, 194, 131])
('toposort', [128, 129, 99, 61, 75, 101, 27, 90, 92, 36, 127, 73, 9, 41, 37, 122, 82, 66, 20, 103, 105, 123, 139, 35, 40, 58, 34, 131, 2, 11, 120, 5, 22, 110, 0, 57, 77, 51, 29, 106, 112, 45, 1, 55, 38, 23, 81, 52, 132, 49, 95, 94, 31, 116, 32, 63, 44, 137, 24, 102, 18, 71, 133, 16, 72, 25, 7, 118, 135, 48, 65, 4, 80, 3, 84, 96, 76, 85, 104, 69, 43, 136, 42, 46, 17, 78, 68, 141, 140, 67, 50, 28, 39, 98, 33, 74, 130, 62, 21, 111, 108, 119, 86, 79, 115, 121, 54, 107, 59, 100, 19, 87, 113, 10, 13, 126, 47, 26, 117, 8, 60, 64, 89, 109, 125, 97, 91, 138, 83, 134, 93, 12, 53, 14, 88, 30, 6, 124, 114, 70, 56, 15])
('toposort', [45, 203, 28, 18, 241, 100, 266, 47, 132, 187, 135, 208, 12, 0, 164, 112, 130, 107, 35, 33, 155, 63, 106, 138, 205, 193, 29, 149, 105, 144, 169, 165, 250, 114, 223, 201, 32, 261, 131, 94, 159, 43, 103, 27, 91, 57, 276, 202, 256, 236, 168, 185, 228, 162, 179, 278, 124, 122, 264, 174, 51, 173, 219, 128, 273, 46, 247, 60, 62, 176, 190, 209, 251, 36, 277, 123, 42, 204, 160, 151, 140, 271, 9, 109, 270, 210, 186, 21, 226, 6, 40, 61, 267, 59, 199, 89, 139, 200, 64, 263, 70, 221, 72, 239, 129, 283, 98, 11, 212, 19, 214, 126, 238, 78, 255, 225, 97, 50, 96, 24, 95, 41, 82, 76, 259, 196, 254, 218, 175, 133, 257, 172, 146, 48, 49, 85, 81, 230, 110, 1, 280, 158, 69, 252, 66, 80, 75, 272, 119, 39, 127, 195, 258, 232, 23, 188, 184, 183, 118, 167, 181, 5, 22, 121, 198, 108, 268, 68, 233, 154, 111, 14, 116, 16, 143, 161, 245, 65, 90, 249, 229, 73, 13, 274, 7, 31, 282, 86, 166, 102, 180, 88, 141, 56, 189, 148, 67, 197, 17, 25, 182, 262, 84, 194, 71, 222, 265, 244, 192, 227, 136, 275, 163, 120, 215, 79, 157, 52, 231, 74, 87, 34, 211, 253, 38, 137, 150, 101, 117, 113, 213, 243, 92, 246, 4, 260, 37, 279, 10, 152, 240, 269, 145, 20, 216, 281, 248, 217, 177, 44, 134, 104, 171, 30, 15, 170, 125, 58, 224, 77, 234, 284, 55, 99, 207, 220, 142, 191, 178, 53, 8, 153, 242, 235, 26, 93, 115, 237, 54, 83, 206, 156, 147, 3, 2])
('toposort', [258, 171, 59, 169, 113, 202, 201, 232, 100, 108, 157, 263, 205, 30, 118, 126, 35, 165, 210, 10, 218, 141, 229, 72, 219, 92, 41, 93, 262, 5, 138, 26, 134, 17, 74, 57, 102, 0, 75, 131, 203, 78, 13, 16, 69, 253, 137, 225, 266, 21, 278, 280, 4, 172, 12, 235, 220, 53, 199, 281, 167, 256, 71, 183, 81, 223, 221, 80, 178, 240, 94, 101, 136, 241, 8, 32, 150, 252, 132, 158, 135, 50, 56, 29, 208, 42, 213, 14, 175, 22, 44, 214, 227, 188, 270, 159, 198, 168, 143, 271, 60, 259, 239, 190, 148, 273, 7, 36, 28, 25, 207, 90, 156, 274, 197, 84, 286, 251, 82, 179, 111, 282, 276, 255, 54, 34, 260, 185, 277, 133, 170, 64, 154, 145, 107, 52, 233, 97, 24, 155, 269, 45, 55, 124, 224, 128, 130, 31, 284, 192, 67, 186, 174, 76, 144, 125, 275, 147, 209, 83, 63, 195, 151, 191, 115, 242, 217, 261, 216, 79, 117, 164, 66, 96, 162, 249, 265, 110, 119, 230, 9, 116, 238, 257, 283, 87, 109, 142, 2, 46, 200, 222, 189, 149, 236, 246, 212, 196, 184, 248, 15, 226, 105, 140, 153, 173, 18, 99, 268, 65, 146, 43, 48, 91, 68, 39, 104, 77, 206, 89, 123, 231, 103, 272, 180, 51, 204, 86, 234, 95, 211, 177, 254, 161, 250, 194, 285, 19, 23, 166, 160, 237, 106, 228, 61, 279, 1, 114, 40, 20, 88, 120, 70, 187, 122, 27, 287, 38, 264, 3, 243, 152, 121, 181, 49, 85, 244, 33, 182, 6, 112, 58, 267, 245, 47, 139, 127, 215, 247, 98, 11, 129, 163, 62, 73, 193, 176, 37])
('cycle', [8, 126, 20, 33, 69, 168, 187, 247, 193, 41])
('cycle', [7, 175, 104, 49, 117])
('toposort', [141, 229, 102, 199, 227, 60, 135, 46, 50, 190, 274, 209, 4, 270, 180, 223, 151, 103, 14, 127, 186, 235, 267, 148, 232, 202, 30, 99, 276, 120, 10, 263, 222, 231, 80, 163, 145, 3, 37, 19, 244, 234, 166, 197, 85, 76, 26, 224, 22, 198, 129, 130, 94, 0, 11, 6, 5, 64, 162, 8, 55, 89, 44, 169, 77, 38, 25, 123, 87, 147, 74, 119, 28, 107, 241, 139, 271, 203, 73, 131, 243, 179, 91, 67, 137, 43, 63, 88, 101, 165, 211, 58, 261, 114, 262, 95, 53, 153, 188, 66, 248, 45, 52, 13, 79, 207, 121, 7, 47, 155, 247, 161, 34, 178, 193, 219, 40, 277, 98, 54, 17, 23, 109, 78, 49, 142, 140, 264, 259, 218, 239, 168, 110, 158, 68, 253, 133, 176, 236, 213, 177, 181, 245, 266, 191, 254, 118, 194, 105, 18, 134, 192, 128, 136, 157, 242, 238, 39, 138, 225, 16, 96, 86, 36, 216, 268, 90, 31, 221, 125, 257, 196, 265, 269, 256, 201, 113, 9, 104, 210, 70, 144, 12, 51, 83, 172, 41, 32, 132, 251, 173, 215, 152, 154, 61, 117, 35, 150, 108, 214, 205, 75, 2, 249, 260, 15, 149, 272, 184, 250, 29, 217, 82, 275, 208, 273, 175, 20, 92, 182, 65, 115, 24, 164, 240, 112, 246, 195, 170, 56, 187, 143, 220, 204, 167, 226, 237, 171, 258, 71, 72, 84, 97, 183, 100, 233, 48, 206, 160, 62, 185, 146, 33, 81, 1, 21, 252, 93, 122, 230, 42, 124, 111, 189, 59, 212, 69, 106, 116, 126, 159, 57, 255, 174, 228, 27, 156, 200])
('toposort', [47, 177, 176, 149, 79, 90, 25, 50, 32, 92, 18, 57, 118, 167, 142, 19, 20, 136, 9, 71, 35, 31, 171, 108, 10, 123, 14, 135, 173, 101, 77, 51, 94, 3, 130, 84, 87, 109, 36, 158, 127, 105, 104, 4, 26, 75, 42, 44, 134, 133, 99, 140, 41, 58, 34, 174, 17, 116, 132, 96, 170, 81, 69, 122, 129, 154, 40, 6, 63, 138, 45, 144, 121, 0, 165, 64, 89, 91, 23, 155, 98, 126, 97, 137, 22, 150, 2, 112, 78, 15, 157, 153, 141, 88, 59, 164, 113, 102, 82, 66, 54, 61, 100, 52, 72, 85, 49, 62, 146, 93, 107, 8, 65, 145, 70, 76, 55, 159, 162, 13, 24, 175, 74, 139, 7, 29, 128, 80, 86, 131, 33, 68, 156, 67, 5, 148, 168, 160, 169, 12, 95, 37, 73, 117, 114, 110, 172, 119, 60, 161, 16, 163, 111, 38, 46, 166, 124, 43, 39, 11, 83, 48, 152, 151, 115, 103, 147, 125, 21, 28, 143, 120, 53, 106, 1, 27, 30, 56])
('toposort', [123, 78, 2, 91, 43, 94, 108, 112, 109, 0, 88, 10, 92, 63, 38, 64, 48, 50, 27, 135, 69, 56, 74, 140, 32, 95, 28, 102, 51, 79, 19, 25, 62, 70, 4, 83, 39, 36, 60, 110, 65, 87, 15, 66, 90, 55, 16, 122, 107, 26, 114, 105, 126, 115, 33, 59, 81, 100, 131, 77, 52, 76, 148, 1, 21, 57, 97, 45, 67, 11, 41, 117, 144, 49, 80, 12, 141, 138, 42, 9, 68, 139, 53, 7, 24, 119, 104, 20, 54, 30, 84, 82, 22, 133, 58, 130, 111, 145, 86, 96, 31, 113, 99, 44, 85, 47, 101, 146, 14, 8, 61, 17, 13, 35, 29, 34, 89, 142, 6, 149, 125, 116, 120, 143, 106, 37, 118, 134, 127, 40, 75, 3, 46, 18, 136, 128, 129, 147, 124, 71, 121, 103, 23, 137, 132, 98, 93, 73, 5, 72])
('toposort', [73, 12, 96, 4, 53, 27, 10, 48, 3, 82, 8, 61, 17, 51, 45, 54, 49, 32, 30, 71, 43, 93, 31, 94, 29, 33, 25, 1, 92, 80, 63, 84, 52, 81, 58, 38, 91, 41, 47, 0, 66, 70, 5, 75, 18, 95, 22, 87, 74, 88, 69, 42, 89, 21, 15, 20, 14, 34, 60, 19, 39, 40, 9, 78, 98, 16, 56, 68, 90, 83, 65, 26, 46, 97, 79, 76, 35, 23, 28, 67, 55, 57, 37, 6, 11, 64, 86, 50, 59, 2, 62, 85, 7, 72, 24, 44, 13, 77, 36])
('toposort', [70, 145, 44, 87, 3, 27, 57, 46, 50, 74, 143, 123, 30, 153, 99, 68, 62, 164, 141, 32, 173, 102, 110, 168, 82, 45, 38, 48, 148, 26, 24, 93, 20, 116, 175, 97, 80, 150, 135, 138, 11, 114, 100, 101, 17, 16, 77, 65, 146, 90, 127, 28, 163, 125, 136, 129, 10, 113, 109, 12, 154, 104, 133, 5, 160, 139, 78, 71, 95, 137, 51, 169, 89, 118, 121, 40, 115, 39, 43, 142, 96, 61, 162, 75, 53, 34, 131, 112, 170, 64, 49, 140, 128, 29, 158, 36, 63, 85, 19, 56, 37, 86, 1, 52, 174, 92, 60, 120, 14, 42, 117, 13, 132, 4, 7, 165, 167, 0, 73, 147, 126, 83, 107, 108, 159, 72, 94, 23, 69, 166, 54, 122, 111, 151, 35, 67, 47, 55, 124, 59, 156, 2, 98, 66, 6, 18, 21, 15, 105, 119, 33, 58, 41, 88, 8, 76, 106, 144, 149, 25, 161, 157, 172, 84, 9, 22, 130, 134, 155, 103, 152, 81, 171, 31, 79, 91])
('cycle', [7, 154, 126, 44, 124, 22, 51, 136, 83, 10, 91, 64, 35, 164, 67])
('toposort', [43, 34, 3, 54, 26, 20, 38, 96, 36, 32, 79, 8, 66, 115, 73, 7, 90, 86, 31, 55, 85, 87, 10, 40, 23, 114, 80, 109, 75, 1, 52, 6, 47, 53, 70, 116, 48, 98, 113, 24, 97, 68, 91, 59, 65, 22, 107, 84, 44, 18, 77, 71, 120, 11, 118, 111, 39, 63, 89, 81, 9, 92, 5, 15, 67, 56, 14, 21, 103, 12, 0, 57, 106, 13, 46, 94, 82, 17, 102, 51, 30, 119, 33, 61, 58, 42, 104, 100, 108, 99, 27, 16, 60, 19, 78, 49, 45, 62, 110, 29, 37, 72, 101, 83, 76, 74, 105, 117, 25, 69, 95, 93, 41, 112, 88, 64, 2, 50, 4, 35, 28])
('toposort', [83, 68, 91, 116, 70, 95, 90, 119, 73, 41, 99, 53, 28, 55, 30, 18, 103, 56, 58, 37, 47, 114, 7, 100, 122, 111, 125, 109, 71, 49, 10, 66, 45, 85, 93, 20, 76, 19, 123, 74, 29, 120, 128, 3, 118, 64, 38, 50, 31, 43, 16, 89, 77, 117, 48, 78, 32, 127, 2, 98, 130, 59, 87, 84, 79, 6, 26, 72, 46, 97, 40, 86, 52, 67, 115, 1, 110, 13, 23, 65, 34, 121, 11, 129, 22, 15, 60, 75, 42, 88, 112, 104, 61, 108, 51, 82, 96, 21, 24, 44, 63, 101, 9, 5, 124, 54, 17, 69, 113, 0, 35, 27, 14, 25, 62, 33, 81, 57, 126, 36, 106, 102, 94, 92, 39, 8, 107, 105, 4, 80, 12])
('cycle', [61, 64, 94, 172, 121, 184, 179, 168])
('cycle', [14, 34, 51, 29, 88])
('cycle', [65, 209, 275, 90, 277, 237, 294])
('cycle', [22, 113, 101])
('toposort', [96, 101, 174, 60, 114, 38, 77, 92, 34, 98, 53, 19, 181, 59, 78, 13, 27, 62, 65, 74, 2, 10, 197, 93, 26, 145, 168, 173, 11, 132, 64, 144, 136, 82, 79, 129, 84, 166, 141, 91, 20, 15, 146, 135, 100, 67, 203, 149, 186, 39, 31, 169, 32, 12, 87, 140, 6, 164, 24, 120, 112, 116, 23, 90, 185, 113, 163, 131, 46, 22, 192, 123, 0, 200, 58, 122, 196, 71, 194, 154, 190, 57, 25, 73, 179, 76, 188, 124, 193, 81, 176, 111, 99, 162, 41, 52, 156, 3, 104, 61, 133, 127, 201, 187, 153, 50, 80, 97, 66, 110, 94, 171, 130, 172, 150, 175, 18, 17, 16, 37, 148, 9, 182, 1, 180, 152, 49, 195, 102, 158, 88, 28, 48, 56, 21, 147, 69, 170, 40, 106, 165, 159, 167, 70, 75, 138, 151, 139, 29, 55, 128, 126, 5, 36, 184, 63, 108, 107, 54, 125, 160, 43, 33, 178, 51, 89, 68, 199, 142, 117, 4, 183, 143, 189, 47, 134, 45, 30, 95, 14, 7, 161, 35, 137, 202, 44, 103, 118, 72, 83, 86, 85, 119, 191, 109, 8, 198, 157, 177, 155, 121, 115, 42, 105])
('toposort', [54, 12, 92, 50, 84, 128, 171, 121, 98, 69, 86, 90, 5, 32, 73, 145, 30, 79, 105, 14, 125, 44, 170, 3, 88, 76, 62, 113, 103, 66, 60, 1, 96, 77, 7, 161, 20, 82, 45, 165, 126, 138, 108, 11, 146, 135, 111, 75, 4, 123, 18, 24, 35, 15, 153, 109, 0, 21, 120, 19, 162, 47, 140, 39, 9, 43, 85, 97, 22, 87, 61, 80, 58, 124, 144, 99, 142, 154, 13, 23, 129, 150, 122, 89, 134, 28, 158, 132, 167, 36, 116, 95, 55, 152, 51, 56, 70, 94, 172, 119, 37, 133, 137, 101, 115, 104, 107, 164, 83, 72, 149, 74, 65, 155, 114, 136, 31, 143, 93, 59, 147, 25, 163, 63, 6, 117, 81, 100, 38, 34, 173, 156, 64, 67, 71, 102, 106, 29, 52, 26, 151, 166, 57, 8, 40, 168, 91, 131, 141, 159, 42, 110, 33, 157, 148, 139, 78, 169, 46, 68, 130, 10, 2, 53, 17, 16, 48, 27, 49, 112, 41, 160, 127, 118])
('toposort', [46, 217, 134, 90, 155, 136, 69, 85, 187, 60, 148, 101, 72, 88, 211, 177, 96, 224, 226, 108, 129, 214, 66, 204, 178, 93, 68, 2, 43, 173, 81, 121, 201, 109, 209, 51, 45, 219, 18, 215, 210, 74, 222, 132, 99, 164, 151, 7, 19, 147, 5, 39, 40, 207, 98, 154, 159, 83, 127, 149, 174, 33, 57, 48, 156, 143, 184, 94, 130, 123, 194, 124, 58, 191, 183, 202, 230, 65, 141, 32, 135, 160, 231, 92, 117, 171, 114, 102, 122, 119, 125, 30, 77, 0, 120, 223, 42, 162, 139, 100, 44, 229, 47, 118, 82, 189, 105, 38, 157, 49, 79, 166, 208, 84, 150, 185, 76, 24, 116, 203, 138, 75, 103, 232, 52, 167, 8, 80, 205, 13, 228, 15, 59, 104, 140, 212, 176, 126, 221, 107, 220, 95, 146, 200, 62, 9, 31, 106, 1, 36, 16, 50, 97, 11, 78, 190, 186, 112, 37, 67, 28, 165, 213, 199, 144, 188, 41, 14, 3, 23, 168, 63, 197, 180, 27, 4, 6, 172, 158, 179, 87, 64, 161, 175, 196, 182, 86, 163, 55, 54, 128, 152, 227, 113, 218, 56, 34, 216, 142, 198, 131, 20, 22, 145, 53, 169, 110, 193, 10, 89, 170, 192, 26, 195, 17, 115, 25, 181, 225, 206, 35, 153, 70, 137, 73, 12, 133, 71, 111, 21, 91, 61, 29])
('cycle', [5, 126, 106, 14, 54, 66, 147])
('toposort', [78, 57, 74, 26, 56, 28, 102, 122, 54, 112, 1, 98, 43, 90, 2, 116, 41, 31, 38, 128, 14, 137, 133, 127, 9, 130, 47, 89, 136, 80, 51, 58, 119, 93, 27, 64, 49, 55, 117, 94, 11, 10, 37, 7, 25, 45, 106, 83, 3, 76, 15, 140, 32, 75, 30, 87, 66, 110, 69, 77, 68, 115, 44, 5, 21, 129, 36, 72, 88, 131, 52, 134, 96, 71, 39, 123, 120, 50, 91, 0, 85, 18, 126, 73, 23, 121, 42, 65, 35, 95, 84, 135, 59, 29, 24, 101, 13, 33, 79, 97, 48, 22, 8, 105, 103, 63, 124, 53, 67, 86, 92, 12, 62, 138, 20, 109, 6, 99, 107, 139, 113, 100, 17, 125, 61, 111, 82, 46, 132, 16, 114, 60, 70, 81, 19, 118, 104, 34, 108, 4, 40])
