('cycle', [0, 99, 245, 259, 237, 240, 66])
('cycle', [0, 113, 32, 49, 7, 57, 42, 69])
('toposort', [84, 113, 0, 108, 3, 39, 36, 53, 41, 89, 62, 35, 67, 100, 56, 19, 1, 83, 110, 34, 81, 15, 4, 11, 26, 38, 69, 45, 66, 112, 87, 52, 94, 82, 14, 55, 25, 37, 71, 106, 40, 80, 68, 95, 18, 27, 98, 33, 30, 72, 50, 48, 79, 12, 63, 10, 85, 96, 65, 107, 78, 31, 42, 86, 61, 104, 5, 92, 59, 90, 20, 88, 28, 43, 2, 47, 111, 23, 75, 46, 97, 76, 6, 60, 64, 16, 105, 73, 91, 74, 58, 101, 7, 54, 77, 29, 57, 17, 102, 103, 99, 93, 32, 49, 24, 22, 109, 21, 8, 51, 13, 44, 70, 9])
('toposort', [247, 98, 212, 149, 102, 39, 38, 76, 31, 198, 58, 2, 275, 255, 120, 70, 160, 161, 151, 43, 135, 132, 143, 111, 5, 4, 177, 197, 108, 245, 241, 59, 210, 112, 10, 276, 97, 250, 27, 45, 207, 109, 214, 233, 272, 1, 52, 153, 130, 67, 292, 154, 186, 221, 46, 121, 230, 268, 40, 188, 12, 231, 69, 266, 234, 8, 60, 14, 134, 84, 285, 213, 206, 274, 175, 246, 6, 162, 90, 89, 3, 100, 101, 62, 138, 244, 249, 126, 124, 80, 127, 78, 209, 195, 15, 176, 228, 136, 119, 48, 145, 118, 85, 86, 205, 211, 7, 18, 269, 183, 290, 156, 180, 178, 265, 191, 75, 96, 289, 282, 61, 281, 216, 164, 0, 182, 172, 115, 87, 9, 91, 220, 287, 278, 273, 185, 47, 225, 137, 291, 171, 201, 170, 28, 20, 79, 232, 277, 82, 251, 123, 261, 104, 169, 224, 166, 279, 93, 257, 199, 65, 260, 262, 252, 239, 37, 68, 258, 83, 144, 139, 74, 106, 53, 263, 226, 103, 56, 66, 94, 288, 192, 71, 236, 57, 202, 253, 99, 114, 193, 208, 284, 140, 189, 254, 248, 55, 17, 42, 222, 283, 133, 148, 30, 29, 163, 196, 259, 36, 238, 142, 26, 267, 51, 215, 174, 150, 13, 293, 190, 50, 223, 63, 128, 24, 72, 95, 11, 181, 107, 105, 131, 54, 237, 217, 116, 159, 117, 73, 25, 155, 129, 49, 184, 242, 92, 256, 194, 113, 21, 122, 32, 240, 227, 165, 147, 125, 264, 235, 77, 286, 158, 271, 22, 203, 19, 167, 35, 168, 270, 157, 152, 218, 280, 146, 173, 141, 219, 110, 187, 33, 243, 200, 64, 16, 179, 34, 204, 23, 81, 88, 44, 41, 229])
('cycle', [10, 49, 71, 112, 240, 205, 94, 24, 210, 191, 202, 221])
('toposort', [145, 87, 197, 53, 122, 190, 177, 92, 168, 196, 64, 62, 58, 206, 156, 94, 102, 221, 217, 98, 199, 49, 123, 71, 242, 211, 167, 32, 39, 112, 69, 23, 178, 5, 164, 0, 222, 27, 172, 207, 170, 213, 72, 203, 118, 189, 86, 161, 63, 220, 46, 158, 120, 61, 110, 183, 13, 219, 52, 243, 249, 43, 101, 139, 111, 50, 204, 30, 179, 116, 230, 200, 83, 41, 173, 12, 24, 73, 246, 108, 127, 36, 239, 144, 21, 60, 188, 148, 124, 234, 80, 185, 3, 195, 85, 28, 65, 128, 51, 82, 137, 48, 103, 99, 6, 19, 201, 136, 225, 166, 223, 68, 151, 25, 187, 236, 154, 47, 235, 35, 143, 105, 115, 191, 104, 79, 29, 174, 119, 244, 169, 18, 54, 2, 218, 67, 84, 113, 90, 81, 176, 91, 192, 17, 147, 97, 226, 142, 95, 175, 138, 9, 66, 229, 131, 74, 126, 194, 7, 20, 121, 132, 100, 245, 88, 198, 44, 238, 231, 8, 209, 59, 227, 153, 162, 150, 4, 134, 215, 57, 216, 140, 180, 45, 163, 248, 114, 141, 210, 1, 78, 130, 70, 10, 125, 224, 109, 155, 16, 184, 38, 152, 233, 149, 37, 107, 42, 117, 40, 15, 182, 26, 135, 33, 14, 186, 241, 106, 202, 34, 212, 214, 56, 76, 93, 129, 232, 193, 240, 55, 31, 208, 165, 22, 11, 96, 171, 77, 157, 237, 247, 160, 146, 75, 181, 133, 89, 159, 205, 228])
('cycle', [0, 66, 125, 93, 120, 60])
('toposort', [22, 98, 121, 91, 53, 59, 95, 12, 3, 4, 34, 9, 93, 102, 58, 137, 41, 65, 13, 85, 79, 74, 73, 52, 42, 135, 63, 97, 119, 37, 19, 143, 25, 145, 118, 7, 48, 146, 10, 5, 123, 140, 47, 89, 56, 139, 122, 78, 0, 36, 32, 61, 111, 44, 94, 17, 86, 92, 14, 24, 55, 84, 125, 96, 130, 147, 71, 46, 99, 80, 141, 105, 72, 132, 100, 39, 136, 90, 83, 68, 113, 33, 8, 45, 103, 109, 28, 6, 133, 1, 114, 38, 107, 51, 50, 104, 64, 16, 30, 18, 134, 43, 82, 138, 117, 60, 27, 15, 112, 127, 23, 120, 20, 57, 131, 101, 2, 126, 21, 76, 108, 62, 142, 129, 115, 67, 69, 29, 66, 11, 26, 124, 35, 75, 116, 110, 87, 77, 70, 40, 54, 49, 144, 81, 31, 106, 128, 88])
('cycle', [0, 59, 122, 90, 84, 102, 150, 86])
('cycle', [0, 63, 132, 129, 193, 3, 184, 65, 120, 182, 53, 167, 131])
('toposort', [94, 32, 99, 207, 167, 50, 142, 169, 43, 196, 158, 52, 143, 10, 68, 188, 203, 7, 149, 170, 104, 195, 175, 69, 148, 139, 72, 179, 109, 103, 194, 113, 138, 26, 66, 129, 76, 73, 114, 160, 56, 171, 12, 159, 211, 201, 101, 9, 144, 185, 182, 187, 24, 180, 25, 153, 77, 214, 216, 29, 200, 62, 176, 133, 119, 46, 13, 17, 61, 87, 27, 83, 58, 0, 164, 28, 82, 106, 33, 168, 63, 122, 4, 92, 48, 191, 16, 91, 55, 102, 177, 172, 161, 3, 44, 156, 8, 145, 81, 79, 95, 134, 78, 157, 123, 136, 108, 126, 186, 111, 135, 84, 67, 86, 51, 147, 80, 40, 93, 47, 49, 190, 213, 23, 54, 205, 204, 116, 189, 197, 36, 165, 11, 41, 90, 146, 193, 38, 121, 125, 88, 21, 178, 132, 1, 120, 96, 2, 34, 184, 59, 181, 127, 128, 208, 115, 202, 141, 162, 15, 100, 98, 163, 6, 19, 22, 107, 209, 97, 75, 85, 215, 45, 166, 112, 110, 199, 183, 198, 60, 130, 53, 64, 192, 65, 117, 151, 210, 124, 137, 42, 70, 57, 118, 14, 18, 39, 31, 89, 140, 173, 37, 5, 35, 74, 150, 71, 105, 20, 131, 212, 152, 174, 30, 155, 154, 206])
('cycle', [0, 48, 31, 72, 35, 76, 65, 106])
('cycle', [0, 6, 171, 177, 90, 148, 175, 82, 93])
('cycle', [0, 220, 214, 119, 183, 219, 40, 242, 1, 11])
('cycle', [0, 120, 168, 107, 162, 50, 5, 125, 52])
('toposort', [17, 36, 145, 87, 68, 104, 91, 106, 119, 93, 10, 113, 101, 111, 49, 151, 132, 43, 146, 22, 148, 26, 128, 78, 102, 131, 83, 97, 7, 9, 5, 44, 77, 137, 35, 71, 99, 118, 89, 62, 29, 64, 90, 53, 34, 136, 129, 86, 2, 92, 107, 32, 135, 23, 21, 108, 47, 65, 142, 12, 109, 61, 110, 112, 100, 63, 19, 4, 16, 114, 140, 84, 69, 115, 46, 25, 105, 125, 1, 6, 123, 79, 134, 14, 85, 139, 51, 30, 80, 8, 70, 55, 54, 98, 94, 40, 143, 42, 72, 95, 103, 122, 82, 147, 56, 3, 24, 66, 38, 149, 121, 73, 41, 96, 81, 39, 144, 28, 117, 13, 27, 130, 150, 60, 48, 126, 74, 20, 133, 138, 76, 52, 15, 11, 58, 37, 31, 127, 59, 75, 116, 50, 141, 45, 67, 120, 18, 33, 0, 88, 124, 57])
('cycle', [0, 107, 231, 40, 204, 48, 171, 133, 226, 101, 104])
('toposort', [153, 143, 96, 126, 63, 90, 67, 169, 53, 185, 4, 140, 29, 131, 27, 71, 155, 154, 76, 174, 94, 172, 50, 117, 28, 2, 14, 171, 122, 141, 13, 69, 175, 40, 115, 127, 6, 119, 0, 38, 58, 9, 77, 159, 136, 167, 124, 179, 51, 178, 88, 176, 34, 84, 107, 113, 47, 123, 85, 151, 109, 22, 60, 180, 165, 10, 45, 75, 24, 17, 23, 138, 30, 12, 111, 49, 163, 83, 102, 16, 39, 98, 183, 173, 156, 26, 144, 57, 43, 147, 41, 46, 86, 112, 62, 121, 105, 5, 146, 89, 7, 161, 42, 152, 181, 120, 91, 164, 116, 8, 160, 93, 61, 20, 25, 125, 97, 35, 106, 157, 31, 1, 132, 170, 100, 48, 74, 37, 33, 70, 135, 11, 19, 187, 54, 104, 128, 52, 3, 142, 95, 59, 79, 130, 80, 56, 32, 21, 103, 150, 186, 78, 168, 72, 133, 108, 55, 184, 87, 149, 182, 44, 145, 15, 118, 148, 137, 73, 64, 68, 139, 129, 81, 92, 177, 18, 36, 65, 158, 82, 134, 66, 114, 166, 99, 101, 110, 162])
('cycle', [0, 115, 5, 85, 41, 76, 123, 147, 40, 14, 141])
('toposort', [141, 183, 0, 75, 21, 138, 29, 165, 6, 25, 2, 175, 261, 145, 154, 259, 66, 102, 56, 241, 126, 61, 59, 65, 4, 193, 229, 208, 278, 15, 280, 121, 60, 8, 254, 139, 277, 12, 63, 50, 285, 237, 53, 127, 125, 255, 188, 240, 108, 152, 211, 112, 14, 243, 231, 3, 172, 274, 244, 43, 200, 16, 37, 239, 45, 214, 252, 46, 98, 170, 153, 93, 101, 176, 279, 104, 260, 67, 209, 192, 263, 49, 80, 199, 111, 196, 220, 97, 92, 110, 70, 123, 174, 79, 109, 24, 62, 151, 225, 36, 159, 177, 95, 207, 288, 155, 267, 215, 173, 41, 162, 180, 221, 68, 146, 276, 150, 185, 246, 205, 144, 171, 238, 140, 161, 81, 82, 284, 216, 73, 191, 223, 283, 258, 226, 158, 232, 257, 218, 160, 224, 120, 198, 194, 270, 197, 74, 247, 245, 13, 20, 184, 190, 217, 268, 55, 33, 72, 34, 210, 131, 103, 91, 265, 166, 181, 203, 212, 40, 168, 286, 96, 228, 107, 99, 213, 236, 119, 88, 136, 113, 23, 42, 134, 164, 222, 137, 116, 233, 17, 156, 182, 54, 163, 30, 242, 132, 179, 71, 128, 105, 273, 201, 282, 122, 76, 206, 84, 48, 271, 275, 1, 28, 87, 106, 32, 256, 114, 86, 133, 157, 10, 94, 129, 230, 227, 117, 178, 272, 7, 269, 69, 251, 58, 78, 186, 18, 83, 57, 287, 39, 51, 130, 234, 167, 262, 281, 22, 195, 143, 248, 189, 202, 5, 44, 77, 90, 26, 204, 219, 148, 147, 35, 64, 11, 115, 149, 266, 100, 27, 135, 235, 169, 47, 249, 31, 38, 85, 250, 89, 264, 253, 52, 142, 187, 9, 19, 118, 124])
('cycle', [0, 128, 71, 88, 12, 3, 97, 53, 133, 140, 81])
('toposort', [4, 218, 0, 116, 33, 233, 117, 204, 129, 262, 101, 212, 170, 104, 269, 221, 113, 8, 81, 59, 217, 22, 76, 156, 147, 195, 224, 235, 265, 77, 125, 133, 102, 271, 5, 71, 208, 105, 21, 151, 67, 149, 70, 219, 79, 111, 279, 115, 93, 220, 51, 32, 272, 211, 155, 176, 164, 27, 153, 178, 9, 240, 28, 126, 45, 83, 257, 245, 203, 252, 132, 223, 120, 201, 60, 193, 215, 196, 97, 258, 42, 3, 88, 47, 281, 134, 255, 213, 146, 214, 162, 157, 194, 107, 263, 10, 123, 78, 278, 192, 173, 168, 140, 87, 186, 94, 182, 39, 128, 261, 99, 112, 63, 96, 184, 90, 210, 48, 139, 239, 187, 103, 188, 54, 163, 227, 158, 82, 137, 232, 38, 80, 268, 29, 17, 14, 206, 118, 189, 179, 143, 19, 75, 181, 36, 198, 66, 124, 171, 68, 250, 205, 185, 49, 84, 61, 58, 30, 174, 46, 190, 106, 253, 74, 122, 142, 234, 69, 284, 141, 144, 159, 26, 246, 23, 226, 57, 91, 131, 160, 282, 152, 64, 225, 251, 267, 285, 280, 109, 13, 236, 121, 222, 108, 274, 98, 89, 25, 100, 145, 167, 150, 175, 154, 228, 207, 92, 34, 165, 37, 249, 148, 135, 161, 180, 40, 53, 230, 56, 86, 229, 169, 7, 266, 260, 256, 95, 35, 119, 242, 50, 52, 264, 1, 24, 241, 273, 41, 11, 136, 259, 6, 20, 275, 200, 199, 216, 276, 16, 238, 12, 237, 166, 130, 244, 31, 15, 172, 62, 197, 209, 18, 85, 55, 127, 270, 231, 114, 2, 44, 202, 277, 138, 65, 254, 177, 183, 283, 243, 191, 248, 72, 43, 247, 110, 73])
('cycle', [1, 22, 54, 45, 55, 81, 46, 97])
('toposort', [167, 190, 55, 205, 109, 183, 162, 29, 35, 43, 127, 107, 54, 159, 100, 8, 40, 106, 111, 12, 14, 151, 65, 149, 4, 68, 121, 139, 67, 24, 32, 41, 133, 102, 124, 114, 89, 113, 21, 135, 120, 76, 197, 86, 112, 155, 45, 136, 206, 140, 143, 152, 207, 16, 83, 49, 182, 130, 122, 180, 191, 27, 80, 75, 70, 2, 163, 174, 195, 203, 69, 154, 1, 74, 20, 198, 105, 36, 22, 98, 18, 150, 134, 26, 125, 57, 108, 85, 147, 58, 101, 193, 128, 94, 90, 177, 188, 72, 138, 88, 50, 129, 66, 117, 30, 116, 60, 169, 28, 51, 181, 179, 42, 0, 31, 137, 33, 23, 59, 77, 39, 119, 160, 19, 201, 141, 142, 56, 126, 17, 192, 38, 153, 166, 10, 178, 7, 204, 96, 34, 161, 187, 71, 157, 172, 148, 165, 47, 199, 6, 3, 52, 63, 13, 184, 131, 186, 64, 62, 156, 144, 73, 93, 97, 115, 48, 78, 37, 146, 104, 123, 84, 175, 185, 53, 168, 176, 164, 189, 91, 118, 173, 82, 87, 61, 92, 170, 132, 200, 81, 79, 99, 11, 9, 196, 202, 194, 158, 95, 5, 15, 25, 44, 103, 145, 46, 110, 171])
('cycle', [0, 13, 35, 51, 17, 20, 42, 144, 11, 127])
('cycle', [2, 35, 32, 16, 42, 18])
('toposort', [69, 89, 64, 105, 109, 24, 86, 37, 124, 66, 94, 68, 104, 15, 2, 74, 5, 106, 103, 77, 20, 3, 111, 79, 121, 26, 8, 107, 114, 0, 59, 80, 108, 102, 81, 21, 84, 53, 16, 71, 118, 56, 7, 39, 57, 52, 99, 46, 61, 75, 32, 30, 9, 98, 29, 96, 116, 11, 27, 88, 95, 119, 13, 18, 34, 22, 67, 78, 112, 60, 40, 42, 123, 54, 72, 125, 100, 31, 92, 73, 122, 1, 28, 91, 33, 93, 6, 101, 4, 17, 113, 47, 45, 70, 76, 44, 90, 14, 50, 110, 12, 83, 41, 10, 120, 97, 49, 36, 117, 38, 23, 25, 19, 58, 48, 43, 85, 35, 65, 115, 63, 51, 55, 82, 87, 62])
('toposort', [10, 107, 203, 121, 29, 158, 161, 182, 93, 114, 56, 172, 105, 22, 28, 82, 142, 44, 73, 88, 183, 19, 146, 143, 18, 47, 54, 58, 176, 9, 127, 89, 61, 25, 179, 149, 129, 148, 3, 177, 37, 185, 72, 126, 212, 207, 70, 66, 128, 209, 181, 169, 48, 110, 186, 69, 116, 109, 132, 157, 84, 196, 108, 63, 33, 46, 154, 67, 98, 2, 171, 192, 59, 85, 65, 180, 6, 20, 191, 111, 57, 165, 144, 87, 5, 42, 125, 23, 168, 124, 31, 198, 195, 188, 159, 13, 39, 145, 136, 103, 90, 167, 151, 156, 83, 52, 164, 92, 141, 160, 175, 0, 76, 140, 95, 166, 41, 147, 130, 91, 26, 174, 135, 153, 11, 64, 60, 189, 193, 204, 45, 34, 30, 80, 77, 197, 178, 106, 112, 115, 120, 119, 4, 170, 123, 21, 134, 173, 43, 1, 213, 15, 104, 97, 96, 162, 55, 16, 38, 17, 137, 138, 210, 131, 79, 74, 81, 102, 184, 100, 40, 150, 24, 113, 32, 201, 36, 62, 163, 68, 86, 205, 194, 12, 8, 75, 155, 101, 94, 208, 152, 139, 99, 202, 199, 206, 211, 190, 200, 14, 71, 53, 7, 35, 78, 50, 133, 51, 187, 122, 118, 117, 49, 27])
('cycle', [0, 94, 46, 133, 117, 17, 123])
('cycle', [1, 69, 52, 113, 5, 93, 73, 21])
('cycle', [0, 76, 10, 135, 61, 90, 8, 129, 108])
('toposort', [42, 39, 80, 138, 22, 37, 19, 54, 13, 87, 17, 30, 147, 5, 99, 49, 65, 86, 81, 63, 88, 125, 64, 71, 104, 83, 48, 41, 67, 143, 20, 62, 103, 127, 101, 66, 135, 59, 70, 43, 76, 29, 18, 26, 46, 33, 50, 112, 34, 79, 25, 32, 2, 23, 108, 116, 115, 7, 111, 8, 27, 68, 82, 60, 94, 36, 109, 139, 102, 133, 3, 110, 95, 77, 58, 120, 16, 89, 28, 1, 84, 131, 141, 15, 0, 53, 11, 121, 14, 134, 146, 136, 52, 105, 96, 140, 98, 85, 4, 91, 119, 69, 74, 93, 73, 97, 45, 57, 24, 35, 56, 113, 38, 118, 61, 72, 47, 44, 6, 40, 75, 107, 106, 123, 31, 21, 12, 145, 55, 142, 92, 124, 90, 126, 128, 78, 132, 10, 137, 51, 129, 144, 130, 114, 100, 122, 9, 117])
('toposort', [49, 71, 95, 34, 75, 36, 88, 28, 9, 74, 45, 33, 23, 114, 110, 3, 13, 64, 112, 103, 40, 21, 102, 32, 78, 25, 89, 54, 122, 39, 55, 87, 92, 35, 6, 109, 41, 69, 61, 65, 16, 107, 7, 10, 100, 53, 56, 0, 77, 37, 50, 85, 46, 26, 8, 124, 63, 115, 96, 101, 60, 24, 73, 123, 1, 117, 93, 51, 111, 72, 30, 68, 27, 15, 121, 52, 76, 17, 118, 11, 31, 14, 120, 4, 99, 58, 80, 119, 20, 44, 90, 98, 48, 104, 66, 70, 18, 59, 22, 43, 57, 86, 84, 105, 29, 2, 106, 91, 81, 19, 83, 113, 97, 62, 12, 82, 47, 67, 42, 79, 108, 94, 5, 38, 116])
('toposort', [211, 145, 174, 172, 168, 18, 171, 30, 186, 61, 44, 109, 124, 49, 121, 29, 178, 140, 194, 129, 43, 0, 183, 7, 189, 73, 120, 101, 81, 176, 37, 113, 50, 107, 159, 97, 115, 28, 54, 24, 99, 142, 14, 132, 3, 64, 201, 147, 182, 22, 157, 39, 20, 106, 6, 27, 181, 160, 131, 60, 9, 166, 69, 133, 111, 41, 59, 17, 199, 204, 179, 67, 74, 205, 191, 66, 89, 90, 71, 76, 52, 57, 68, 15, 137, 196, 195, 105, 117, 47, 80, 12, 16, 135, 180, 79, 136, 31, 110, 56, 141, 203, 197, 1, 40, 35, 23, 173, 72, 34, 190, 144, 169, 21, 200, 96, 119, 165, 155, 8, 25, 70, 149, 33, 158, 46, 164, 112, 13, 207, 162, 134, 170, 85, 58, 153, 51, 188, 53, 100, 91, 94, 198, 92, 65, 104, 152, 38, 78, 98, 95, 167, 84, 63, 114, 193, 143, 127, 148, 156, 77, 88, 116, 209, 210, 139, 75, 130, 62, 5, 146, 42, 125, 177, 19, 55, 187, 83, 103, 26, 32, 4, 175, 126, 202, 108, 161, 87, 192, 86, 128, 45, 93, 123, 102, 185, 122, 2, 150, 206, 48, 154, 10, 36, 163, 138, 151, 118, 11, 184, 82, 208])
('cycle', [0, 49, 103, 67, 31, 39, 96, 70])
('cycle', [0, 157, 43, 48, 137, 11])
('toposort', [45, 111, 161, 167, 148, 19, 69, 170, 163, 93, 86, 30, 126, 173, 102, 54, 65, 48, 68, 99, 141, 53, 80, 142, 134, 112, 17, 147, 90, 110, 98, 166, 131, 180, 8, 71, 115, 186, 62, 25, 12, 67, 169, 47, 159, 46, 132, 129, 84, 100, 133, 104, 154, 5, 16, 76, 172, 165, 162, 9, 107, 28, 33, 151, 150, 2, 10, 66, 122, 113, 178, 187, 87, 74, 14, 97, 55, 6, 0, 75, 182, 121, 140, 13, 130, 176, 56, 124, 168, 3, 120, 81, 15, 43, 188, 95, 155, 11, 92, 157, 146, 128, 149, 138, 91, 42, 108, 160, 24, 50, 27, 61, 85, 135, 88, 127, 29, 49, 137, 145, 79, 26, 117, 31, 177, 119, 34, 144, 73, 101, 118, 174, 70, 20, 183, 64, 51, 114, 32, 109, 39, 125, 94, 139, 23, 72, 58, 4, 35, 82, 60, 7, 78, 185, 36, 153, 164, 44, 89, 59, 41, 22, 103, 158, 175, 171, 184, 152, 63, 123, 77, 1, 143, 156, 181, 57, 38, 106, 37, 40, 105, 52, 116, 18, 83, 96, 21, 136, 179])
('cycle', [0, 9, 142, 148, 69])
('cycle', [0, 37, 131, 107, 94, 44, 5, 15])
('cycle', [0, 25, 67, 54, 111, 105, 104])
('cycle', [0, 267, 40, 120, 53, 165, 162])
('toposort', [81, 77, 84, 109, 82, 9, 138, 42, 31, 97, 3, 57, 58, 100, 99, 107, 53, 37, 54, 38, 73, 88, 19, 111, 44, 40, 39, 64, 20, 28, 116, 25, 70, 59, 86, 75, 80, 36, 124, 1, 65, 119, 33, 4, 130, 23, 16, 6, 121, 112, 17, 103, 49, 123, 0, 67, 46, 69, 2, 136, 35, 129, 27, 76, 117, 105, 45, 7, 15, 14, 11, 13, 96, 98, 91, 94, 34, 93, 62, 18, 60, 72, 114, 22, 10, 24, 118, 56, 122, 128, 5, 104, 32, 137, 133, 87, 131, 102, 30, 68, 61, 12, 95, 47, 79, 126, 29, 52, 108, 21, 132, 120, 89, 106, 50, 125, 66, 51, 78, 71, 55, 8, 127, 26, 115, 85, 48, 110, 43, 90, 113, 101, 134, 41, 74, 63, 92, 83, 135])
('toposort', [33, 142, 157, 64, 11, 6, 153, 19, 136, 114, 7, 4, 65, 138, 134, 17, 163, 91, 0, 51, 50, 29, 159, 105, 108, 128, 125, 5, 116, 149, 58, 9, 14, 141, 154, 131, 90, 99, 2, 107, 145, 83, 110, 16, 164, 8, 61, 12, 63, 47, 27, 25, 94, 24, 41, 121, 148, 23, 155, 15, 62, 18, 88, 113, 13, 127, 112, 109, 93, 92, 124, 160, 1, 119, 86, 97, 75, 32, 46, 85, 56, 70, 89, 158, 66, 44, 78, 3, 146, 77, 144, 10, 117, 87, 132, 156, 22, 55, 126, 133, 118, 42, 67, 123, 37, 28, 111, 53, 115, 135, 79, 84, 30, 39, 26, 68, 161, 76, 103, 100, 102, 98, 21, 49, 72, 52, 59, 69, 165, 74, 31, 162, 45, 48, 139, 129, 73, 122, 54, 104, 152, 40, 130, 151, 140, 101, 20, 82, 81, 147, 96, 120, 38, 143, 57, 106, 80, 60, 43, 95, 71, 34, 35, 36, 150, 137])
('toposort', [71, 119, 141, 3, 135, 123, 28, 7, 144, 48, 27, 16, 17, 50, 41, 97, 113, 8, 138, 0, 5, 136, 36, 1, 107, 124, 129, 39, 112, 150, 98, 110, 95, 10, 93, 99, 149, 26, 104, 33, 15, 100, 134, 91, 18, 146, 147, 80, 143, 84, 72, 79, 25, 6, 78, 62, 14, 45, 127, 52, 58, 101, 132, 102, 83, 140, 49, 12, 57, 2, 122, 4, 19, 64, 137, 106, 13, 87, 70, 35, 128, 66, 86, 46, 90, 81, 24, 55, 51, 30, 76, 21, 44, 117, 85, 131, 125, 42, 126, 53, 47, 103, 108, 139, 60, 68, 142, 22, 69, 65, 109, 114, 111, 37, 115, 89, 31, 94, 148, 130, 105, 11, 74, 88, 145, 121, 43, 77, 116, 29, 56, 61, 9, 38, 40, 133, 20, 67, 96, 23, 63, 75, 59, 54, 120, 34, 32, 82, 73, 92, 151, 118])
('toposort', [24, 107, 92, 60, 72, 105, 87, 0, 76, 100, 6, 135, 50, 1, 131, 34, 33, 45, 104, 132, 12, 46, 134, 127, 128, 90, 25, 27, 62, 142, 149, 95, 14, 64, 29, 19, 67, 121, 101, 71, 80, 119, 81, 143, 54, 93, 103, 49, 66, 136, 120, 42, 4, 112, 139, 141, 70, 98, 56, 145, 63, 16, 35, 9, 78, 74, 10, 5, 43, 79, 96, 22, 39, 150, 126, 18, 148, 91, 77, 61, 97, 21, 151, 8, 122, 108, 144, 125, 117, 118, 11, 116, 55, 114, 106, 140, 20, 99, 69, 146, 83, 13, 59, 102, 30, 84, 94, 138, 38, 28, 15, 51, 124, 36, 129, 147, 2, 75, 52, 111, 113, 58, 37, 86, 65, 137, 68, 123, 17, 23, 88, 89, 82, 44, 40, 110, 3, 7, 53, 85, 130, 47, 41, 73, 57, 32, 133, 31, 26, 109, 115, 48])
('cycle', [0, 94, 170, 196, 129, 8, 65, 71])
('toposort', [81, 238, 257, 26, 187, 71, 230, 75, 100, 156, 39, 210, 166, 233, 179, 118, 12, 271, 213, 142, 205, 24, 160, 153, 52, 194, 138, 3, 182, 113, 82, 42, 149, 240, 204, 256, 53, 266, 8, 265, 77, 234, 105, 201, 171, 228, 221, 29, 273, 61, 43, 92, 38, 104, 270, 88, 247, 174, 57, 99, 155, 48, 79, 211, 219, 163, 236, 135, 137, 250, 181, 157, 73, 91, 126, 127, 232, 202, 110, 122, 140, 193, 7, 69, 87, 65, 150, 170, 268, 15, 80, 196, 28, 167, 241, 120, 146, 125, 207, 106, 189, 198, 114, 109, 260, 103, 222, 192, 50, 34, 254, 227, 68, 14, 2, 220, 5, 159, 200, 225, 229, 35, 112, 0, 175, 130, 32, 41, 124, 19, 264, 251, 195, 49, 111, 93, 190, 95, 239, 46, 72, 4, 54, 47, 173, 1, 177, 55, 272, 141, 242, 212, 16, 17, 178, 98, 246, 117, 217, 45, 84, 86, 267, 27, 107, 154, 119, 89, 51, 231, 162, 21, 36, 30, 70, 248, 83, 64, 56, 255, 94, 164, 108, 121, 116, 158, 132, 224, 9, 161, 237, 6, 185, 59, 188, 23, 206, 115, 252, 180, 218, 129, 172, 63, 66, 18, 215, 143, 169, 85, 191, 10, 226, 186, 58, 197, 31, 147, 209, 183, 235, 199, 136, 249, 148, 131, 78, 37, 165, 20, 168, 96, 263, 261, 44, 269, 60, 223, 152, 151, 25, 243, 145, 101, 139, 33, 123, 128, 62, 259, 258, 97, 134, 90, 216, 176, 102, 144, 244, 262, 245, 208, 22, 253, 214, 67, 40, 11, 13, 184, 203, 74, 76, 133])
('toposort', [249, 104, 16, 42, 117, 36, 113, 177, 180, 208, 227, 34, 198, 143, 146, 4, 67, 245, 53, 82, 160, 1, 178, 184, 182, 237, 3, 73, 41, 159, 81, 199, 115, 210, 99, 70, 137, 87, 45, 204, 79, 155, 21, 51, 14, 83, 90, 123, 106, 107, 110, 37, 124, 94, 238, 92, 80, 158, 209, 43, 89, 223, 236, 190, 145, 149, 65, 220, 23, 71, 175, 192, 154, 161, 233, 214, 0, 85, 57, 168, 48, 17, 156, 103, 141, 49, 169, 129, 54, 150, 31, 153, 152, 20, 9, 60, 12, 100, 5, 28, 32, 140, 10, 230, 111, 185, 225, 108, 86, 163, 157, 235, 15, 122, 170, 6, 226, 52, 171, 22, 75, 131, 64, 62, 38, 2, 66, 191, 200, 126, 30, 162, 7, 105, 121, 166, 69, 250, 231, 147, 29, 102, 56, 248, 96, 167, 221, 194, 213, 114, 8, 47, 119, 68, 19, 127, 132, 172, 135, 218, 128, 196, 95, 59, 215, 247, 118, 142, 144, 188, 11, 112, 246, 189, 228, 58, 133, 212, 222, 174, 136, 201, 139, 183, 46, 224, 88, 206, 93, 134, 109, 234, 242, 216, 101, 243, 229, 244, 219, 239, 197, 148, 97, 217, 76, 130, 35, 74, 232, 44, 181, 241, 24, 55, 120, 211, 26, 61, 77, 27, 186, 125, 164, 13, 207, 187, 72, 202, 50, 151, 205, 39, 195, 176, 84, 173, 91, 193, 63, 240, 33, 18, 179, 116, 25, 40, 138, 98, 78, 165, 203])
('toposort', [58, 46, 112, 128, 99, 11, 142, 138, 140, 98, 61, 10, 2, 14, 110, 28, 3, 141, 155, 107, 120, 0, 96, 34, 27, 105, 29, 72, 114, 41, 130, 39, 26, 60, 64, 1, 134, 108, 143, 94, 127, 126, 124, 93, 43, 15, 83, 44, 119, 137, 24, 82, 5, 135, 74, 38, 55, 118, 106, 95, 133, 73, 6, 45, 4, 132, 154, 111, 54, 113, 104, 67, 153, 117, 9, 20, 50, 65, 8, 30, 12, 131, 47, 92, 145, 16, 32, 139, 68, 22, 86, 129, 80, 116, 52, 150, 23, 25, 149, 76, 103, 77, 148, 53, 62, 147, 97, 59, 19, 151, 17, 37, 7, 48, 18, 69, 87, 152, 35, 49, 57, 70, 84, 36, 71, 56, 40, 125, 91, 33, 66, 144, 122, 100, 101, 90, 102, 89, 146, 63, 88, 81, 51, 79, 13, 78, 21, 136, 85, 123, 31, 42, 109, 121, 75, 115])
('cycle', [1, 104, 41, 88, 123, 33, 44, 46, 42, 61])
('cycle', [0, 195, 165, 3, 75, 84, 244, 163])
('cycle', [0, 126, 37, 27, 117, 41, 90, 43, 94])
('cycle', [0, 143, 275, 280, 232, 51, 211, 172, 57, 46, 260])
('cycle', [0, 97, 116, 133, 187, 172, 35, 100, 168, 192, 199])
('cycle', [0, 45, 148, 52, 135, 249])
('toposort', [46, 3, 91, 102, 2, 1, 4, 8, 88, 45, 35, 33, 60, 0, 40, 55, 83, 36, 12, 62, 5, 99, 24, 48, 73, 100, 92, 104, 81, 43, 98, 29, 31, 14, 66, 21, 78, 39, 71, 52, 42, 15, 58, 23, 59, 68, 63, 96, 7, 18, 30, 54, 49, 57, 86, 13, 103, 27, 41, 65, 106, 34, 79, 17, 97, 101, 90, 74, 77, 89, 6, 22, 51, 80, 94, 87, 25, 19, 61, 37, 64, 85, 38, 105, 70, 28, 32, 72, 20, 76, 50, 26, 75, 11, 9, 53, 69, 84, 95, 16, 47, 67, 10, 56, 93, 44, 82])
('cycle', [3, 159, 157, 187, 26, 138, 202, 169, 112, 4, 53, 48])
('cycle', [0, 84, 26, 7, 129, 57, 21])
('cycle', [0, 99, 22, 250, 166, 248, 185, 107, 78, 112, 48])
('toposort', [118, 49, 78, 28, 107, 25, 85, 7, 132, 1, 99, 90, 148, 79, 64, 29, 122, 119, 128, 141, 17, 36, 51, 106, 10, 32, 22, 111, 73, 84, 140, 16, 13, 143, 124, 81, 65, 95, 80, 83, 59, 138, 120, 127, 50, 55, 26, 76, 34, 71, 102, 58, 89, 6, 57, 137, 24, 63, 125, 27, 115, 21, 69, 126, 112, 19, 100, 93, 129, 43, 91, 139, 70, 136, 46, 0, 68, 142, 117, 37, 45, 47, 54, 144, 135, 75, 105, 31, 101, 5, 145, 94, 103, 116, 61, 15, 35, 146, 40, 67, 77, 133, 18, 38, 9, 72, 86, 12, 147, 97, 44, 3, 8, 131, 2, 11, 33, 96, 92, 41, 39, 30, 114, 134, 74, 87, 82, 110, 56, 53, 98, 23, 66, 109, 62, 14, 113, 4, 130, 108, 42, 60, 48, 20, 52, 88, 121, 104, 123])
('toposort', [159, 88, 17, 210, 112, 39, 231, 197, 221, 81, 36, 64, 171, 179, 134, 7, 155, 52, 227, 193, 154, 99, 129, 136, 13, 151, 25, 125, 183, 142, 14, 32, 189, 37, 199, 11, 207, 66, 80, 121, 219, 33, 245, 244, 26, 180, 106, 161, 124, 152, 90, 53, 200, 48, 203, 167, 20, 105, 29, 3, 213, 168, 98, 70, 137, 212, 238, 186, 141, 73, 120, 74, 211, 12, 69, 54, 118, 55, 103, 243, 82, 75, 94, 71, 209, 109, 87, 195, 0, 163, 225, 148, 119, 57, 67, 61, 181, 50, 113, 77, 60, 5, 234, 89, 84, 35, 15, 102, 160, 79, 34, 100, 43, 76, 110, 78, 187, 93, 157, 122, 162, 85, 92, 196, 46, 198, 38, 146, 149, 249, 206, 232, 236, 111, 150, 123, 27, 91, 127, 176, 147, 44, 28, 131, 6, 97, 63, 220, 247, 208, 184, 240, 86, 107, 45, 223, 194, 58, 8, 250, 108, 130, 47, 239, 237, 16, 31, 104, 214, 144, 170, 202, 41, 191, 9, 56, 116, 95, 139, 22, 24, 185, 188, 182, 18, 132, 156, 145, 178, 65, 21, 204, 201, 165, 72, 114, 164, 248, 143, 51, 228, 177, 216, 175, 205, 135, 4, 83, 138, 23, 68, 30, 59, 101, 19, 235, 133, 229, 241, 126, 117, 230, 169, 10, 226, 233, 158, 49, 62, 218, 246, 140, 174, 172, 153, 115, 40, 2, 192, 217, 42, 96, 190, 128, 224, 242, 173, 166, 222, 1, 215])
('toposort', [189, 110, 174, 77, 120, 143, 24, 197, 67, 35, 209, 23, 232, 206, 51, 182, 49, 173, 130, 200, 175, 90, 199, 93, 139, 98, 75, 63, 47, 6, 13, 226, 228, 60, 204, 217, 168, 69, 194, 134, 156, 157, 141, 65, 80, 165, 178, 184, 54, 171, 4, 89, 96, 0, 212, 170, 46, 48, 164, 29, 193, 20, 103, 116, 105, 108, 179, 219, 186, 167, 87, 195, 102, 161, 84, 124, 205, 74, 229, 32, 44, 187, 201, 214, 107, 81, 225, 192, 153, 38, 64, 55, 21, 208, 137, 148, 112, 142, 109, 100, 43, 94, 160, 144, 216, 71, 190, 10, 36, 203, 70, 27, 125, 39, 66, 131, 114, 172, 7, 40, 101, 86, 147, 234, 99, 220, 73, 215, 149, 14, 42, 88, 152, 126, 9, 11, 22, 5, 78, 95, 181, 61, 231, 180, 19, 52, 104, 12, 211, 16, 68, 185, 15, 3, 26, 30, 122, 28, 2, 62, 210, 53, 158, 129, 76, 123, 162, 45, 221, 176, 166, 97, 207, 79, 25, 151, 58, 223, 132, 115, 41, 233, 31, 82, 113, 140, 8, 91, 34, 188, 17, 177, 59, 154, 127, 138, 18, 146, 169, 159, 111, 133, 196, 224, 136, 85, 128, 56, 155, 57, 121, 83, 213, 33, 118, 145, 37, 202, 218, 1, 135, 183, 198, 163, 106, 227, 119, 50, 72, 150, 92, 117, 230, 222, 191])
('cycle', [0, 83, 80, 143, 24, 56, 81, 126, 15, 98, 63, 22, 61])
('toposort', [230, 54, 142, 210, 130, 139, 49, 231, 30, 73, 94, 176, 93, 229, 71, 62, 10, 51, 107, 169, 219, 36, 188, 174, 74, 213, 66, 171, 19, 61, 34, 108, 181, 162, 150, 187, 16, 175, 207, 18, 166, 45, 200, 20, 167, 212, 47, 217, 149, 98, 27, 15, 186, 6, 59, 88, 164, 39, 215, 228, 192, 237, 5, 23, 42, 24, 134, 38, 12, 195, 152, 224, 80, 236, 170, 227, 168, 69, 157, 33, 159, 216, 2, 115, 201, 193, 109, 173, 89, 37, 102, 101, 52, 220, 226, 57, 155, 60, 240, 97, 196, 137, 14, 87, 28, 0, 158, 138, 141, 131, 56, 203, 8, 41, 127, 29, 79, 205, 198, 172, 7, 160, 67, 77, 78, 126, 44, 232, 82, 235, 194, 81, 26, 124, 92, 84, 233, 85, 122, 72, 4, 179, 183, 110, 145, 156, 99, 148, 154, 211, 46, 100, 116, 161, 133, 91, 103, 104, 143, 13, 204, 86, 218, 55, 113, 48, 9, 75, 189, 241, 191, 140, 222, 68, 17, 238, 117, 70, 65, 178, 184, 120, 50, 185, 121, 151, 76, 153, 202, 11, 43, 118, 147, 146, 22, 35, 64, 119, 83, 199, 214, 58, 221, 234, 129, 206, 25, 106, 163, 1, 105, 114, 3, 132, 197, 95, 136, 223, 177, 123, 180, 31, 90, 144, 96, 112, 239, 182, 111, 53, 125, 208, 209, 32, 128, 225, 165, 40, 63, 135, 21, 190])
('toposort', [58, 71, 90, 53, 67, 25, 7, 82, 0, 29, 1, 86, 62, 92, 51, 10, 64, 99, 30, 74, 8, 13, 49, 48, 19, 43, 11, 46, 39, 41, 38, 40, 22, 72, 37, 61, 88, 78, 56, 97, 66, 83, 36, 79, 26, 24, 69, 4, 5, 84, 35, 73, 3, 21, 75, 47, 68, 91, 20, 80, 60, 55, 87, 14, 15, 45, 12, 65, 81, 9, 6, 59, 76, 34, 96, 27, 33, 100, 17, 18, 31, 93, 89, 23, 2, 63, 57, 50, 44, 85, 77, 98, 95, 52, 16, 28, 32, 94, 42, 54, 70])
('cycle', [0, 260, 189, 80, 76, 1, 197, 121, 127, 219, 49])
('cycle', [0, 3, 105, 127, 173])
('cycle', [0, 76, 158, 23, 39, 29, 171, 30])
('toposort', [53, 236, 138, 142, 20, 146, 68, 123, 12, 51, 218, 176, 137, 86, 0, 153, 163, 18, 225, 159, 88, 239, 32, 188, 69, 175, 37, 126, 177, 187, 44, 63, 96, 78, 207, 231, 130, 227, 235, 76, 57, 46, 194, 233, 111, 232, 17, 3, 1, 11, 193, 179, 140, 82, 178, 36, 230, 190, 155, 143, 35, 112, 61, 220, 203, 48, 116, 161, 164, 158, 243, 121, 135, 52, 229, 144, 237, 160, 2, 109, 70, 168, 180, 84, 81, 14, 8, 66, 24, 103, 41, 167, 196, 56, 217, 102, 6, 74, 93, 152, 173, 98, 94, 181, 129, 242, 219, 13, 105, 9, 246, 133, 117, 170, 50, 139, 214, 141, 182, 162, 55, 65, 38, 171, 186, 114, 67, 19, 118, 240, 205, 169, 131, 120, 49, 241, 29, 204, 30, 21, 79, 202, 124, 58, 197, 156, 151, 115, 80, 23, 110, 90, 95, 59, 183, 15, 71, 27, 189, 42, 107, 148, 47, 147, 62, 113, 198, 60, 226, 222, 34, 33, 39, 184, 245, 224, 92, 157, 100, 101, 165, 54, 4, 64, 132, 31, 25, 216, 228, 210, 185, 75, 128, 134, 22, 28, 206, 234, 211, 174, 119, 199, 91, 125, 149, 77, 73, 72, 150, 97, 209, 166, 45, 83, 200, 26, 195, 172, 106, 244, 238, 136, 16, 215, 208, 7, 223, 89, 154, 192, 43, 99, 122, 104, 191, 127, 87, 201, 5, 108, 213, 221, 85, 145, 40, 10, 212])
('cycle', [2, 4, 97, 26, 94, 174, 56, 73, 151])
('cycle', [0, 158, 57, 41, 84, 144])
('toposort', [32, 267, 59, 36, 246, 130, 144, 180, 229, 210, 136, 44, 240, 11, 236, 100, 119, 0, 259, 84, 113, 151, 142, 147, 231, 90, 58, 216, 171, 258, 71, 226, 67, 27, 61, 275, 244, 251, 235, 24, 128, 105, 274, 116, 199, 280, 249, 201, 155, 187, 217, 19, 253, 170, 212, 248, 173, 69, 174, 160, 270, 23, 114, 107, 276, 40, 50, 9, 221, 106, 57, 81, 282, 109, 3, 242, 2, 125, 4, 224, 268, 6, 73, 269, 159, 117, 157, 167, 64, 133, 1, 150, 176, 45, 222, 189, 169, 260, 111, 97, 228, 101, 137, 245, 213, 196, 56, 49, 218, 214, 123, 86, 272, 197, 234, 79, 72, 261, 223, 277, 190, 43, 127, 143, 15, 5, 41, 191, 158, 55, 60, 204, 21, 129, 48, 102, 80, 181, 166, 89, 215, 39, 179, 284, 70, 118, 183, 225, 115, 26, 145, 175, 178, 219, 25, 193, 85, 28, 247, 154, 177, 35, 198, 12, 126, 74, 96, 95, 206, 29, 120, 188, 239, 93, 252, 135, 141, 46, 182, 271, 77, 139, 281, 75, 66, 186, 7, 134, 255, 202, 273, 65, 8, 30, 138, 18, 14, 195, 285, 148, 257, 209, 165, 254, 110, 99, 13, 263, 22, 211, 83, 82, 192, 200, 140, 256, 220, 238, 92, 98, 31, 17, 76, 103, 132, 264, 10, 37, 94, 164, 163, 91, 156, 227, 237, 279, 230, 104, 265, 168, 20, 152, 207, 87, 161, 112, 47, 266, 146, 243, 208, 262, 233, 51, 54, 185, 162, 131, 121, 108, 122, 52, 241, 124, 205, 62, 16, 78, 194, 203, 42, 68, 278, 232, 184, 38, 34, 33, 250, 53, 63, 283, 88, 153, 149, 172])
('cycle', [0, 98, 95, 61, 71])
('cycle', [0, 22, 38])
('toposort', [83, 111, 32, 39, 36, 54, 79, 27, 38, 118, 4, 85, 108, 70, 107, 80, 28, 37, 62, 115, 8, 82, 89, 47, 46, 114, 10, 81, 30, 13, 65, 50, 98, 11, 63, 23, 3, 35, 9, 20, 42, 12, 64, 55, 119, 99, 91, 26, 41, 43, 1, 96, 2, 74, 93, 0, 17, 18, 76, 51, 22, 19, 14, 73, 24, 113, 52, 7, 97, 109, 21, 106, 6, 57, 61, 45, 58, 87, 90, 95, 25, 15, 29, 34, 88, 103, 59, 40, 71, 5, 86, 69, 94, 53, 78, 92, 56, 33, 44, 77, 31, 16, 67, 101, 60, 102, 100, 117, 48, 84, 49, 116, 72, 110, 104, 105, 75, 68, 66, 112])
('cycle', [2, 51, 24, 142, 194, 22, 8])
('toposort', [202, 173, 81, 33, 139, 40, 94, 213, 23, 14, 176, 130, 166, 16, 32, 55, 224, 84, 127, 107, 3, 43, 129, 171, 116, 4, 44, 185, 65, 61, 144, 140, 30, 155, 204, 95, 184, 24, 187, 25, 142, 175, 172, 156, 7, 93, 17, 31, 152, 178, 100, 73, 68, 165, 147, 118, 66, 149, 121, 145, 132, 122, 13, 92, 200, 90, 89, 76, 167, 170, 74, 133, 180, 189, 105, 148, 0, 60, 103, 78, 206, 101, 6, 9, 214, 27, 162, 211, 48, 154, 223, 79, 99, 163, 177, 222, 146, 49, 134, 85, 174, 46, 203, 208, 20, 63, 159, 216, 123, 210, 102, 221, 42, 88, 96, 196, 37, 157, 128, 136, 195, 191, 35, 201, 15, 186, 57, 115, 1, 75, 58, 198, 220, 64, 54, 113, 217, 112, 108, 150, 193, 52, 194, 87, 50, 11, 190, 72, 10, 12, 209, 138, 114, 117, 218, 8, 80, 69, 124, 111, 161, 153, 137, 199, 34, 188, 182, 205, 2, 158, 119, 160, 179, 120, 19, 26, 39, 168, 56, 45, 104, 141, 225, 41, 22, 67, 97, 59, 53, 135, 47, 71, 5, 86, 109, 151, 143, 183, 29, 98, 192, 219, 83, 181, 28, 51, 164, 38, 131, 77, 82, 215, 212, 106, 18, 36, 110, 21, 91, 62, 207, 197, 125, 169, 126, 70])
('cycle', [0, 194, 218, 126, 47, 54, 142, 210, 177])
('toposort', [99, 128, 129, 61, 101, 75, 27, 90, 92, 36, 127, 73, 9, 41, 37, 122, 82, 66, 20, 103, 105, 123, 139, 35, 40, 58, 34, 131, 2, 11, 120, 5, 22, 0, 110, 57, 77, 51, 29, 45, 106, 112, 1, 55, 52, 38, 132, 23, 49, 81, 95, 94, 31, 116, 63, 102, 32, 16, 44, 137, 24, 18, 133, 71, 72, 25, 7, 118, 135, 48, 65, 4, 80, 3, 84, 96, 76, 85, 104, 69, 43, 136, 42, 46, 17, 78, 68, 141, 140, 67, 50, 28, 39, 98, 33, 74, 130, 62, 21, 111, 86, 119, 108, 79, 121, 115, 54, 107, 100, 19, 59, 87, 113, 10, 13, 8, 126, 47, 26, 60, 117, 64, 97, 89, 125, 91, 109, 83, 138, 134, 93, 12, 53, 14, 88, 30, 6, 114, 124, 15, 70, 56])
('toposort', [28, 45, 18, 203, 241, 100, 47, 187, 135, 266, 132, 0, 208, 12, 164, 112, 130, 107, 35, 33, 155, 63, 106, 138, 205, 149, 105, 193, 144, 165, 29, 250, 169, 114, 223, 201, 32, 43, 261, 131, 103, 94, 159, 27, 91, 57, 276, 236, 202, 256, 185, 168, 228, 179, 162, 278, 124, 122, 219, 264, 128, 273, 46, 174, 51, 173, 247, 60, 62, 176, 36, 190, 209, 251, 277, 123, 42, 204, 160, 271, 140, 151, 9, 109, 270, 21, 226, 210, 186, 6, 61, 40, 267, 59, 199, 89, 139, 70, 200, 64, 263, 221, 72, 239, 129, 283, 98, 11, 212, 19, 126, 214, 238, 78, 255, 225, 97, 50, 76, 24, 95, 41, 82, 96, 259, 196, 218, 175, 133, 257, 172, 254, 81, 146, 48, 49, 110, 1, 230, 69, 85, 280, 158, 252, 272, 75, 195, 80, 66, 119, 258, 39, 127, 188, 184, 118, 167, 232, 23, 183, 22, 121, 181, 5, 198, 108, 268, 68, 233, 154, 111, 14, 116, 143, 161, 245, 16, 65, 90, 249, 229, 73, 13, 274, 7, 31, 88, 282, 166, 102, 141, 86, 180, 56, 148, 197, 67, 17, 189, 262, 244, 192, 25, 182, 84, 194, 71, 222, 265, 227, 136, 275, 163, 120, 215, 79, 157, 52, 231, 74, 87, 34, 211, 253, 38, 137, 150, 101, 117, 213, 113, 243, 92, 246, 4, 260, 37, 279, 10, 152, 240, 269, 145, 216, 281, 134, 20, 248, 217, 177, 44, 104, 171, 30, 170, 125, 58, 15, 224, 77, 234, 284, 55, 99, 207, 220, 142, 191, 178, 53, 8, 235, 153, 242, 26, 93, 115, 237, 54, 83, 156, 147, 2, 3, 206])
('toposort', [258, 171, 59, 169, 113, 202, 201, 232, 100, 108, 157, 263, 205, 30, 118, 126, 35, 165, 210, 10, 218, 229, 41, 92, 141, 219, 93, 134, 262, 72, 26, 17, 5, 138, 74, 57, 102, 0, 131, 75, 78, 13, 16, 203, 69, 253, 137, 225, 21, 280, 4, 266, 172, 12, 53, 278, 235, 220, 281, 71, 199, 167, 183, 81, 256, 223, 221, 240, 80, 178, 94, 101, 136, 241, 8, 32, 252, 150, 132, 158, 135, 50, 56, 29, 42, 208, 44, 214, 14, 213, 227, 175, 22, 270, 188, 198, 60, 159, 168, 143, 259, 271, 239, 190, 148, 28, 273, 7, 36, 274, 197, 207, 90, 286, 179, 25, 84, 251, 156, 111, 82, 282, 276, 255, 54, 133, 34, 260, 185, 170, 64, 154, 145, 277, 107, 52, 233, 24, 97, 155, 269, 55, 45, 124, 224, 128, 130, 174, 31, 284, 192, 67, 76, 125, 186, 144, 275, 147, 209, 83, 151, 191, 63, 115, 242, 195, 261, 164, 96, 216, 79, 66, 217, 162, 117, 249, 265, 110, 119, 257, 230, 9, 116, 283, 87, 109, 238, 142, 2, 46, 200, 222, 189, 149, 246, 212, 236, 196, 184, 248, 15, 226, 105, 153, 140, 173, 268, 18, 99, 65, 43, 48, 68, 39, 146, 91, 104, 77, 89, 123, 231, 103, 272, 180, 51, 204, 86, 206, 95, 285, 234, 211, 177, 161, 19, 23, 254, 250, 166, 160, 237, 194, 106, 228, 61, 279, 1, 40, 114, 20, 88, 120, 70, 122, 187, 264, 27, 287, 38, 3, 243, 152, 121, 181, 49, 85, 244, 33, 182, 6, 112, 58, 267, 47, 139, 127, 245, 215, 98, 11, 247, 129, 163, 62, 73, 193, 176, 37])
('cycle', [0, 193, 20, 33, 69, 168, 187, 247])
('cycle', [0, 253, 55, 97, 49, 117, 104, 7, 175])
('toposort', [141, 229, 199, 102, 135, 227, 46, 50, 190, 274, 270, 4, 180, 223, 60, 103, 151, 209, 14, 127, 235, 267, 148, 232, 186, 202, 30, 99, 276, 10, 120, 263, 222, 231, 80, 163, 145, 3, 37, 19, 244, 234, 166, 197, 85, 76, 26, 0, 224, 22, 198, 129, 130, 94, 11, 6, 5, 64, 162, 8, 55, 44, 169, 89, 77, 38, 25, 87, 147, 74, 28, 123, 139, 107, 119, 271, 241, 203, 131, 73, 243, 67, 179, 91, 137, 43, 63, 262, 88, 101, 165, 95, 53, 211, 58, 261, 114, 153, 188, 66, 248, 45, 52, 13, 79, 207, 121, 7, 47, 155, 247, 34, 161, 178, 193, 219, 40, 98, 54, 277, 17, 23, 109, 78, 49, 142, 140, 264, 259, 218, 239, 168, 110, 253, 158, 68, 236, 133, 176, 191, 181, 254, 177, 245, 266, 118, 194, 213, 105, 18, 134, 192, 128, 136, 157, 238, 242, 39, 138, 225, 16, 96, 86, 36, 216, 268, 90, 31, 221, 125, 257, 196, 113, 256, 265, 9, 210, 70, 269, 201, 104, 144, 12, 51, 83, 172, 32, 41, 132, 251, 173, 215, 152, 154, 61, 117, 35, 108, 150, 214, 205, 75, 2, 249, 250, 260, 15, 149, 272, 184, 29, 217, 82, 208, 273, 275, 175, 20, 92, 182, 65, 115, 24, 164, 170, 240, 112, 246, 195, 56, 187, 143, 204, 167, 226, 220, 171, 71, 183, 237, 258, 72, 84, 97, 100, 233, 206, 48, 185, 160, 62, 146, 1, 33, 81, 21, 252, 93, 122, 230, 42, 124, 111, 189, 59, 212, 69, 106, 116, 126, 159, 57, 255, 174, 228, 27, 156, 200])
('toposort', [176, 47, 79, 90, 177, 25, 149, 50, 32, 92, 118, 167, 19, 136, 18, 57, 142, 71, 20, 9, 35, 31, 10, 108, 171, 123, 14, 135, 173, 101, 77, 94, 87, 3, 130, 51, 84, 158, 109, 36, 127, 105, 104, 4, 26, 75, 42, 44, 134, 133, 99, 140, 41, 116, 58, 34, 174, 96, 17, 132, 170, 81, 69, 122, 129, 154, 40, 6, 63, 138, 45, 144, 121, 0, 165, 64, 23, 91, 126, 89, 155, 98, 137, 97, 22, 2, 112, 78, 153, 141, 150, 15, 59, 157, 88, 164, 113, 102, 82, 66, 54, 61, 100, 52, 72, 85, 49, 62, 146, 93, 107, 8, 65, 145, 70, 76, 55, 159, 162, 13, 24, 74, 139, 175, 7, 29, 128, 80, 86, 131, 33, 68, 156, 67, 5, 148, 168, 160, 169, 95, 16, 12, 37, 73, 114, 110, 60, 117, 124, 119, 172, 161, 163, 111, 38, 46, 166, 43, 39, 11, 115, 103, 83, 147, 48, 152, 151, 125, 21, 28, 143, 1, 120, 53, 106, 27, 30, 56])
('toposort', [78, 123, 2, 91, 43, 0, 94, 112, 109, 108, 10, 50, 48, 88, 92, 63, 38, 64, 135, 27, 69, 56, 74, 32, 140, 95, 28, 51, 79, 19, 25, 4, 70, 60, 110, 102, 83, 39, 62, 65, 87, 15, 36, 66, 90, 55, 16, 107, 122, 26, 114, 105, 126, 59, 33, 81, 100, 115, 131, 77, 52, 76, 148, 1, 21, 57, 97, 45, 67, 117, 11, 144, 41, 49, 80, 141, 42, 12, 139, 138, 53, 9, 68, 7, 119, 20, 54, 30, 104, 111, 24, 84, 82, 22, 133, 58, 145, 86, 96, 31, 113, 146, 130, 99, 44, 85, 47, 101, 14, 8, 61, 29, 17, 13, 35, 34, 89, 142, 6, 149, 143, 37, 125, 116, 106, 118, 134, 127, 40, 75, 3, 120, 46, 18, 136, 128, 129, 147, 71, 124, 121, 103, 23, 137, 132, 73, 98, 5, 72, 93])
('toposort', [73, 12, 96, 4, 53, 10, 48, 82, 27, 3, 17, 8, 51, 61, 45, 54, 49, 32, 30, 71, 93, 43, 94, 29, 33, 25, 1, 92, 31, 80, 63, 84, 52, 81, 58, 38, 91, 41, 47, 0, 66, 70, 5, 75, 18, 87, 22, 74, 88, 95, 69, 89, 15, 42, 14, 21, 34, 60, 19, 39, 40, 20, 9, 78, 98, 16, 56, 68, 90, 83, 65, 26, 46, 97, 79, 76, 35, 23, 11, 67, 55, 28, 57, 37, 50, 6, 59, 64, 86, 2, 7, 62, 85, 72, 24, 44, 13, 36, 77])
('toposort', [145, 87, 70, 44, 74, 3, 27, 57, 143, 50, 123, 46, 30, 153, 99, 62, 68, 164, 141, 102, 82, 38, 32, 173, 110, 45, 168, 48, 148, 26, 24, 20, 93, 116, 175, 135, 97, 80, 150, 138, 11, 114, 100, 17, 101, 16, 65, 77, 146, 90, 127, 28, 163, 136, 113, 125, 129, 10, 109, 154, 5, 12, 104, 160, 51, 133, 139, 78, 71, 95, 169, 43, 89, 40, 137, 115, 121, 118, 39, 142, 96, 61, 131, 75, 53, 34, 112, 162, 64, 49, 170, 140, 29, 158, 36, 63, 85, 128, 19, 56, 37, 1, 86, 92, 60, 52, 42, 120, 14, 117, 132, 174, 7, 165, 167, 13, 4, 0, 108, 126, 159, 83, 73, 107, 147, 94, 23, 72, 69, 166, 122, 54, 111, 151, 35, 67, 47, 55, 59, 2, 124, 6, 156, 98, 66, 18, 21, 15, 105, 119, 33, 58, 88, 41, 8, 76, 106, 144, 149, 161, 25, 157, 172, 84, 9, 22, 130, 134, 155, 103, 152, 31, 79, 81, 91, 171])
('cycle', [0, 42, 43, 153, 7, 154, 126, 44, 124, 22, 51, 136, 83])
('toposort', [43, 34, 3, 54, 26, 20, 96, 38, 32, 79, 36, 115, 8, 7, 90, 86, 10, 55, 85, 66, 73, 31, 40, 23, 114, 80, 87, 109, 75, 1, 52, 6, 98, 47, 68, 53, 70, 116, 48, 97, 113, 24, 91, 59, 65, 22, 107, 44, 84, 71, 11, 39, 18, 77, 120, 118, 111, 63, 89, 9, 92, 5, 81, 67, 12, 15, 103, 0, 56, 14, 21, 57, 106, 13, 46, 94, 82, 17, 102, 51, 30, 119, 33, 61, 58, 99, 42, 104, 100, 108, 16, 27, 60, 19, 78, 49, 45, 62, 110, 29, 37, 72, 101, 83, 76, 74, 105, 117, 25, 69, 93, 2, 95, 88, 41, 50, 4, 28, 35, 112, 64])
('toposort', [83, 68, 91, 116, 70, 95, 90, 119, 73, 41, 18, 99, 53, 28, 55, 30, 56, 103, 58, 37, 47, 114, 7, 100, 122, 111, 125, 109, 71, 10, 66, 45, 85, 49, 93, 19, 20, 123, 74, 29, 120, 76, 128, 3, 118, 64, 38, 50, 31, 43, 16, 117, 89, 77, 48, 78, 2, 127, 32, 59, 87, 98, 130, 84, 79, 6, 26, 72, 46, 97, 40, 86, 52, 67, 1, 13, 115, 23, 110, 11, 65, 34, 121, 22, 15, 42, 129, 88, 112, 104, 60, 61, 108, 75, 51, 82, 96, 21, 24, 44, 63, 9, 101, 69, 5, 124, 54, 113, 0, 17, 27, 35, 14, 25, 62, 36, 106, 92, 33, 81, 8, 57, 126, 94, 102, 4, 39, 107, 105, 80, 12])
('cycle', [1, 3, 21, 18, 126, 118, 64, 94, 172, 121, 184, 179, 168, 61])
('cycle', [0, 65, 26, 29, 14, 34, 51])
('cycle', [0, 132, 266, 211, 134, 37, 209, 275, 90, 277, 237, 65])
('cycle', [0, 136, 87, 52, 6, 113, 101, 22])
('toposort', [96, 101, 174, 60, 114, 38, 77, 92, 34, 98, 53, 19, 78, 181, 13, 59, 27, 62, 26, 145, 65, 74, 2, 10, 197, 93, 168, 132, 64, 144, 173, 11, 136, 82, 79, 129, 91, 84, 166, 141, 15, 135, 20, 146, 100, 67, 203, 149, 186, 39, 31, 169, 32, 12, 87, 140, 6, 164, 24, 120, 112, 116, 23, 90, 185, 113, 163, 131, 46, 22, 0, 192, 123, 122, 58, 194, 154, 200, 196, 71, 190, 57, 73, 188, 25, 179, 81, 176, 76, 99, 162, 124, 193, 104, 52, 127, 50, 41, 80, 156, 3, 111, 61, 133, 201, 153, 187, 97, 66, 110, 94, 171, 130, 172, 150, 9, 175, 17, 1, 148, 18, 182, 16, 37, 180, 152, 49, 195, 48, 102, 158, 88, 56, 28, 21, 147, 40, 170, 69, 106, 165, 167, 70, 75, 159, 29, 128, 138, 151, 55, 126, 139, 5, 36, 184, 63, 108, 107, 54, 125, 160, 43, 33, 178, 51, 89, 68, 199, 142, 117, 4, 143, 189, 183, 47, 134, 45, 14, 7, 30, 95, 161, 35, 137, 202, 103, 44, 72, 86, 85, 119, 118, 83, 191, 109, 8, 198, 157, 155, 121, 42, 115, 177, 105])
('toposort', [54, 12, 92, 50, 84, 128, 171, 98, 86, 121, 90, 5, 32, 69, 73, 145, 30, 79, 105, 14, 44, 125, 170, 3, 88, 76, 62, 113, 103, 66, 60, 1, 96, 77, 7, 161, 20, 82, 165, 126, 45, 138, 108, 11, 146, 135, 111, 75, 4, 123, 18, 24, 109, 153, 0, 35, 120, 15, 19, 47, 39, 21, 162, 140, 9, 43, 85, 97, 22, 80, 87, 61, 58, 124, 144, 142, 154, 13, 23, 129, 99, 150, 158, 122, 89, 134, 132, 28, 167, 36, 116, 95, 55, 172, 152, 94, 119, 37, 133, 51, 56, 70, 137, 72, 101, 115, 164, 104, 107, 83, 149, 74, 65, 155, 114, 136, 143, 93, 59, 147, 25, 163, 31, 63, 6, 117, 81, 100, 156, 38, 64, 34, 173, 67, 71, 102, 106, 29, 52, 26, 151, 166, 57, 8, 40, 168, 91, 131, 141, 159, 42, 110, 33, 157, 148, 139, 78, 46, 68, 130, 10, 2, 169, 16, 53, 17, 27, 112, 48, 49, 41, 118, 127, 160])
('toposort', [46, 217, 136, 90, 155, 69, 85, 134, 187, 60, 148, 101, 72, 88, 177, 96, 224, 211, 108, 129, 226, 178, 93, 2, 214, 66, 204, 68, 43, 173, 81, 109, 209, 121, 201, 210, 45, 51, 18, 215, 74, 219, 99, 5, 222, 132, 164, 151, 7, 19, 39, 147, 207, 98, 40, 154, 159, 83, 127, 149, 33, 57, 48, 156, 143, 174, 184, 94, 130, 123, 194, 124, 58, 191, 183, 202, 230, 65, 141, 32, 135, 160, 231, 117, 171, 114, 102, 122, 30, 92, 77, 119, 0, 125, 139, 42, 162, 120, 105, 100, 44, 223, 229, 47, 118, 82, 189, 79, 38, 157, 49, 166, 208, 84, 150, 185, 76, 24, 203, 138, 116, 75, 103, 232, 80, 167, 52, 8, 205, 13, 15, 228, 59, 104, 140, 212, 176, 126, 95, 221, 107, 220, 146, 1, 200, 62, 9, 31, 106, 36, 16, 11, 50, 97, 78, 190, 186, 112, 37, 67, 28, 165, 213, 199, 144, 188, 41, 14, 3, 23, 168, 4, 6, 197, 27, 64, 63, 180, 158, 161, 172, 175, 196, 179, 87, 182, 86, 163, 55, 54, 128, 152, 227, 56, 113, 216, 218, 142, 198, 34, 131, 20, 22, 145, 10, 169, 110, 53, 193, 89, 170, 192, 26, 195, 115, 17, 25, 206, 181, 225, 35, 153, 70, 137, 73, 12, 133, 71, 111, 21, 29, 61, 91])
('cycle', [0, 75, 14, 5, 126, 106])
('toposort', [78, 57, 74, 26, 56, 28, 102, 122, 112, 54, 43, 1, 98, 90, 2, 116, 31, 41, 38, 128, 14, 137, 133, 127, 9, 130, 47, 89, 136, 80, 51, 58, 119, 93, 27, 64, 49, 55, 117, 94, 11, 10, 37, 7, 25, 45, 106, 83, 3, 76, 15, 140, 32, 75, 87, 30, 66, 110, 77, 36, 69, 115, 68, 5, 21, 44, 129, 72, 96, 88, 131, 52, 120, 134, 91, 71, 123, 0, 39, 73, 50, 85, 18, 126, 23, 121, 42, 65, 35, 95, 84, 135, 59, 29, 24, 101, 13, 33, 79, 97, 48, 22, 8, 105, 103, 63, 124, 53, 86, 92, 12, 138, 62, 67, 109, 20, 113, 6, 107, 100, 99, 139, 17, 125, 61, 111, 82, 46, 132, 16, 114, 60, 70, 81, 19, 118, 104, 4, 34, 108, 40])
