('cycle', [245, 259, 237, 240, 66])
('cycle', [49, 7, 57, 42, 69])
('toposort', [84, 113, 89, 3, 39, 108, 36, 53, 41, 0, 62, 100, 35, 67, 19, 56, 1, 83, 15, 110, 34, 81, 4, 11, 26, 38, 69, 45, 66, 112, 52, 87, 94, 82, 14, 55, 71, 25, 37, 106, 80, 40, 27, 68, 98, 33, 18, 30, 72, 95, 50, 48, 12, 10, 79, 63, 85, 78, 96, 61, 107, 104, 31, 42, 65, 86, 92, 5, 59, 90, 20, 47, 88, 43, 28, 2, 111, 60, 64, 75, 46, 23, 97, 16, 105, 91, 54, 76, 73, 74, 58, 101, 6, 29, 77, 7, 17, 57, 102, 103, 22, 109, 99, 93, 32, 49, 24, 51, 13, 21, 8, 44, 70, 9])
('toposort', [247, 149, 102, 98, 212, 39, 38, 76, 31, 198, 58, 70, 2, 275, 160, 135, 255, 120, 161, 43, 151, 132, 143, 111, 5, 4, 59, 210, 197, 177, 108, 245, 241, 112, 10, 276, 97, 250, 45, 27, 109, 214, 207, 233, 272, 1, 52, 292, 186, 221, 130, 153, 67, 40, 154, 46, 121, 230, 268, 188, 12, 231, 69, 266, 234, 8, 84, 60, 14, 134, 285, 213, 206, 246, 274, 175, 6, 162, 90, 89, 3, 100, 101, 62, 138, 244, 249, 126, 80, 209, 124, 127, 15, 136, 48, 78, 176, 228, 119, 145, 195, 118, 85, 86, 7, 211, 18, 205, 269, 290, 180, 178, 183, 156, 265, 191, 75, 96, 289, 282, 61, 216, 182, 164, 172, 281, 115, 0, 87, 9, 91, 220, 185, 287, 47, 225, 137, 278, 273, 291, 170, 171, 169, 201, 28, 232, 277, 20, 82, 79, 261, 224, 251, 123, 104, 65, 166, 279, 257, 93, 199, 260, 239, 262, 68, 258, 74, 252, 37, 83, 144, 106, 139, 103, 53, 263, 226, 66, 94, 71, 192, 236, 56, 57, 202, 288, 253, 99, 114, 193, 208, 189, 55, 284, 254, 140, 248, 17, 42, 148, 222, 283, 29, 133, 30, 163, 259, 36, 196, 238, 142, 26, 267, 51, 215, 150, 174, 13, 293, 190, 50, 63, 128, 223, 24, 72, 95, 11, 181, 107, 54, 105, 131, 116, 217, 159, 117, 73, 25, 237, 155, 129, 49, 184, 256, 92, 21, 242, 194, 240, 227, 165, 113, 125, 147, 122, 32, 264, 235, 77, 286, 158, 271, 35, 168, 203, 270, 167, 22, 19, 157, 152, 218, 280, 141, 33, 146, 173, 219, 187, 243, 110, 200, 64, 16, 34, 204, 179, 229, 81, 88, 44, 41, 23])
('cycle', [49, 71, 112, 240, 205, 94, 24, 210, 191, 202, 221])
('toposort', [145, 87, 197, 122, 53, 177, 190, 92, 168, 64, 156, 196, 62, 102, 123, 98, 58, 206, 94, 221, 199, 71, 217, 242, 32, 49, 211, 39, 112, 178, 69, 167, 23, 5, 164, 222, 0, 27, 172, 207, 170, 72, 118, 213, 63, 86, 220, 203, 46, 189, 161, 158, 120, 61, 110, 13, 183, 219, 249, 52, 43, 101, 243, 139, 111, 50, 204, 30, 179, 116, 200, 12, 230, 173, 83, 41, 24, 73, 246, 108, 36, 239, 127, 148, 144, 21, 188, 234, 60, 124, 80, 85, 185, 3, 51, 195, 128, 28, 65, 82, 99, 137, 48, 103, 6, 201, 136, 19, 223, 68, 225, 151, 166, 25, 187, 236, 35, 143, 154, 105, 115, 191, 104, 235, 79, 29, 174, 119, 169, 47, 244, 18, 67, 2, 54, 218, 84, 90, 81, 113, 176, 91, 192, 17, 226, 142, 175, 147, 97, 95, 138, 9, 66, 229, 131, 74, 126, 194, 7, 20, 121, 132, 100, 245, 238, 44, 88, 198, 8, 209, 59, 231, 227, 153, 162, 150, 4, 134, 215, 57, 216, 140, 180, 45, 248, 163, 114, 141, 210, 130, 1, 70, 78, 10, 125, 224, 109, 155, 16, 37, 152, 184, 42, 38, 233, 149, 107, 117, 40, 33, 15, 182, 26, 135, 14, 186, 106, 241, 202, 214, 93, 34, 212, 56, 129, 232, 240, 55, 31, 208, 77, 76, 165, 22, 193, 11, 96, 171, 157, 237, 247, 160, 146, 75, 181, 133, 228, 205, 159, 89])
('cycle', [66, 125, 93, 120, 60])
('toposort', [22, 121, 91, 53, 59, 3, 95, 98, 4, 34, 12, 9, 93, 102, 58, 137, 41, 65, 79, 73, 74, 13, 85, 52, 42, 135, 63, 19, 97, 119, 37, 143, 25, 145, 7, 118, 48, 146, 10, 5, 56, 123, 140, 47, 89, 139, 122, 78, 0, 36, 111, 44, 32, 61, 94, 17, 86, 55, 24, 92, 14, 84, 125, 96, 130, 147, 71, 46, 99, 80, 141, 105, 72, 39, 132, 136, 90, 83, 100, 68, 33, 103, 113, 8, 45, 109, 28, 6, 133, 38, 1, 114, 107, 51, 104, 64, 50, 16, 30, 18, 134, 43, 82, 138, 117, 112, 27, 60, 15, 127, 23, 120, 20, 57, 131, 101, 2, 126, 108, 21, 76, 62, 142, 129, 69, 115, 67, 29, 66, 26, 124, 35, 11, 87, 75, 116, 77, 110, 70, 40, 54, 49, 144, 128, 81, 106, 31, 88])
('cycle', [84, 102, 150, 86])
('cycle', [193, 3, 184, 65, 120, 182, 53, 167, 131])
('toposort', [94, 32, 99, 207, 50, 142, 169, 158, 43, 52, 143, 196, 167, 7, 68, 10, 188, 203, 149, 170, 175, 104, 195, 69, 148, 139, 179, 72, 109, 103, 194, 113, 138, 129, 26, 76, 114, 73, 160, 56, 66, 171, 159, 12, 101, 211, 9, 144, 187, 201, 180, 24, 185, 182, 25, 214, 153, 216, 176, 29, 200, 77, 62, 119, 46, 13, 17, 61, 133, 87, 27, 83, 106, 58, 28, 82, 63, 4, 164, 33, 0, 168, 92, 122, 48, 191, 102, 16, 91, 55, 8, 161, 172, 177, 3, 44, 156, 81, 145, 79, 95, 134, 78, 157, 123, 108, 136, 126, 186, 111, 135, 84, 67, 86, 51, 147, 80, 93, 40, 47, 190, 49, 213, 23, 54, 36, 205, 204, 189, 197, 165, 11, 41, 116, 90, 121, 193, 38, 125, 146, 88, 21, 178, 132, 1, 120, 96, 2, 184, 59, 34, 181, 128, 208, 115, 127, 202, 141, 100, 162, 15, 98, 163, 6, 107, 97, 22, 209, 19, 75, 215, 85, 45, 166, 112, 110, 199, 183, 130, 53, 192, 198, 60, 64, 65, 117, 151, 210, 124, 137, 42, 70, 57, 118, 14, 18, 39, 31, 140, 89, 173, 37, 5, 35, 74, 71, 105, 150, 20, 131, 212, 152, 174, 30, 206, 155, 154])
('cycle', [31, 72, 35, 76, 65, 106])
('cycle', [148, 175, 82, 93])
('cycle', [119, 183, 219, 40, 242, 1, 11])
('cycle', [0, 120, 168, 107, 162, 50, 5, 125, 52])
('toposort', [17, 36, 145, 87, 68, 104, 91, 106, 93, 119, 10, 113, 111, 101, 49, 151, 43, 146, 132, 22, 148, 78, 128, 102, 131, 83, 97, 26, 7, 9, 44, 77, 5, 99, 71, 35, 118, 137, 89, 29, 62, 64, 53, 90, 86, 34, 136, 129, 2, 92, 107, 32, 135, 23, 21, 108, 47, 65, 142, 12, 109, 61, 112, 100, 19, 110, 63, 4, 16, 114, 140, 84, 69, 115, 46, 25, 105, 125, 1, 6, 123, 14, 79, 134, 85, 139, 51, 30, 80, 70, 55, 54, 8, 98, 94, 42, 40, 122, 72, 95, 82, 143, 103, 147, 56, 3, 24, 66, 38, 149, 121, 73, 41, 96, 81, 39, 144, 130, 28, 27, 150, 117, 60, 13, 126, 48, 74, 133, 58, 20, 138, 15, 76, 52, 11, 37, 31, 127, 59, 75, 116, 141, 50, 45, 67, 120, 88, 124, 18, 57, 33, 0])
('cycle', [231, 40, 204, 48, 171, 133, 226, 101, 104])
('toposort', [143, 153, 96, 126, 169, 63, 67, 90, 185, 53, 4, 140, 29, 131, 71, 155, 154, 76, 27, 174, 50, 94, 172, 117, 28, 2, 14, 171, 122, 141, 13, 69, 175, 127, 6, 40, 38, 58, 115, 119, 9, 77, 0, 167, 159, 136, 124, 179, 178, 176, 51, 88, 34, 84, 113, 107, 123, 151, 109, 47, 85, 22, 60, 180, 10, 45, 75, 165, 24, 23, 30, 12, 111, 17, 49, 138, 16, 163, 83, 102, 39, 98, 183, 173, 156, 144, 57, 26, 46, 43, 147, 41, 86, 112, 62, 105, 121, 5, 146, 7, 89, 161, 181, 42, 152, 116, 160, 120, 91, 61, 25, 125, 164, 35, 8, 93, 20, 132, 97, 106, 157, 31, 1, 170, 100, 48, 74, 37, 33, 135, 19, 70, 187, 11, 104, 54, 128, 59, 79, 52, 130, 80, 56, 142, 95, 32, 103, 150, 3, 21, 186, 78, 133, 168, 72, 184, 108, 55, 87, 149, 182, 44, 118, 145, 148, 137, 73, 15, 64, 68, 177, 139, 129, 92, 81, 18, 36, 158, 82, 134, 66, 65, 166, 162, 114, 110, 101, 99])
('cycle', [5, 85, 41, 76, 123, 147, 40, 14, 141])
('toposort', [141, 183, 0, 29, 75, 21, 6, 165, 138, 25, 2, 261, 175, 259, 145, 154, 66, 102, 56, 61, 65, 241, 59, 4, 126, 280, 193, 15, 121, 229, 278, 208, 60, 12, 63, 50, 139, 8, 285, 237, 254, 53, 127, 277, 125, 188, 240, 255, 108, 152, 211, 112, 14, 243, 231, 3, 274, 244, 172, 200, 43, 16, 37, 239, 45, 98, 252, 214, 176, 93, 170, 153, 101, 46, 279, 104, 209, 67, 260, 192, 263, 49, 80, 199, 196, 111, 220, 110, 97, 92, 70, 123, 174, 79, 109, 24, 62, 151, 225, 177, 95, 207, 288, 36, 159, 173, 215, 41, 162, 155, 267, 221, 68, 146, 150, 276, 180, 185, 144, 171, 140, 205, 246, 161, 81, 191, 82, 238, 284, 216, 223, 73, 283, 258, 226, 158, 232, 257, 270, 218, 224, 160, 120, 197, 74, 198, 247, 190, 194, 184, 217, 268, 245, 13, 20, 33, 72, 55, 34, 131, 103, 91, 265, 166, 181, 203, 212, 210, 40, 168, 286, 96, 228, 107, 213, 99, 236, 119, 88, 23, 136, 113, 42, 164, 134, 222, 137, 116, 233, 17, 156, 182, 54, 30, 242, 105, 71, 128, 273, 201, 163, 132, 179, 282, 122, 76, 206, 84, 48, 271, 87, 275, 32, 1, 28, 106, 256, 114, 86, 133, 10, 129, 94, 230, 157, 227, 117, 178, 7, 269, 272, 69, 251, 58, 83, 57, 287, 78, 186, 130, 234, 18, 39, 262, 167, 281, 22, 51, 195, 143, 248, 189, 202, 5, 44, 26, 77, 115, 204, 90, 219, 148, 147, 266, 64, 35, 100, 149, 27, 11, 135, 235, 169, 47, 249, 38, 250, 89, 264, 31, 253, 85, 52, 142, 187, 9, 118, 124, 19])
('cycle', [3, 97, 53, 133, 140, 81])
('toposort', [218, 4, 0, 116, 233, 33, 117, 204, 262, 170, 101, 212, 104, 81, 129, 269, 217, 221, 59, 156, 147, 22, 113, 8, 76, 195, 77, 224, 235, 265, 125, 102, 105, 271, 133, 71, 5, 208, 21, 151, 70, 149, 67, 219, 93, 115, 220, 79, 111, 279, 155, 51, 32, 272, 211, 176, 164, 27, 153, 178, 9, 240, 28, 126, 257, 245, 45, 83, 203, 252, 120, 132, 223, 201, 60, 215, 196, 47, 97, 258, 193, 42, 3, 88, 281, 146, 134, 255, 214, 263, 162, 157, 107, 213, 10, 123, 194, 278, 173, 192, 78, 168, 140, 87, 39, 182, 128, 186, 112, 94, 261, 63, 96, 99, 184, 210, 90, 48, 139, 187, 239, 103, 188, 54, 163, 227, 82, 158, 137, 38, 80, 206, 17, 29, 268, 14, 232, 118, 189, 179, 19, 75, 181, 143, 36, 171, 198, 66, 124, 68, 185, 205, 250, 49, 84, 58, 30, 46, 61, 174, 190, 106, 142, 253, 74, 69, 284, 122, 144, 246, 23, 26, 234, 141, 159, 226, 57, 91, 160, 152, 131, 282, 225, 251, 64, 267, 285, 109, 236, 13, 121, 108, 280, 274, 222, 98, 100, 89, 25, 145, 150, 154, 207, 175, 228, 34, 92, 167, 165, 249, 148, 135, 161, 180, 37, 40, 53, 230, 56, 86, 229, 169, 95, 256, 7, 266, 260, 35, 52, 242, 50, 264, 24, 119, 1, 241, 273, 41, 11, 136, 20, 259, 6, 275, 200, 216, 16, 276, 238, 12, 199, 130, 237, 166, 244, 31, 15, 197, 127, 172, 62, 231, 209, 18, 85, 55, 270, 114, 2, 202, 44, 183, 277, 138, 65, 254, 177, 283, 191, 243, 248, 72, 43, 247, 110, 73])
('cycle', [54, 45, 55, 81, 46, 97])
('toposort', [167, 55, 205, 109, 107, 190, 183, 29, 35, 43, 127, 54, 162, 159, 100, 8, 40, 106, 14, 111, 151, 4, 12, 65, 149, 68, 121, 139, 67, 24, 32, 102, 41, 114, 133, 89, 124, 113, 21, 135, 120, 76, 197, 86, 136, 206, 112, 155, 45, 140, 143, 152, 207, 83, 182, 130, 16, 122, 49, 180, 191, 80, 75, 163, 70, 2, 174, 203, 27, 69, 154, 1, 195, 74, 20, 198, 105, 36, 22, 98, 18, 134, 125, 108, 85, 26, 150, 57, 58, 101, 128, 177, 147, 193, 94, 90, 188, 72, 50, 129, 138, 66, 117, 60, 28, 181, 88, 30, 116, 169, 51, 179, 42, 0, 137, 77, 31, 23, 39, 33, 59, 119, 160, 19, 142, 201, 56, 7, 126, 141, 17, 192, 38, 178, 153, 204, 166, 10, 96, 34, 71, 63, 161, 187, 148, 165, 157, 52, 64, 62, 172, 47, 184, 6, 13, 199, 3, 131, 144, 186, 156, 93, 97, 146, 73, 78, 104, 37, 48, 115, 123, 175, 84, 185, 53, 168, 176, 164, 189, 91, 87, 118, 173, 61, 82, 200, 92, 170, 132, 79, 81, 11, 99, 9, 196, 202, 194, 158, 95, 5, 15, 171, 25, 145, 110, 103, 44, 46])
('cycle', [51, 17, 20, 42, 144, 11, 127])
('cycle', [32, 16, 42, 18])
('toposort', [69, 89, 109, 64, 37, 24, 86, 124, 105, 94, 66, 2, 5, 68, 104, 74, 106, 103, 77, 15, 20, 3, 111, 121, 79, 59, 26, 108, 107, 102, 8, 80, 114, 0, 81, 21, 84, 71, 53, 118, 56, 16, 7, 52, 39, 99, 46, 61, 75, 32, 57, 30, 98, 9, 29, 96, 11, 88, 116, 27, 95, 119, 13, 18, 34, 22, 67, 78, 112, 60, 40, 42, 72, 123, 54, 125, 100, 73, 122, 31, 92, 1, 33, 28, 91, 93, 6, 113, 101, 17, 47, 76, 50, 45, 70, 4, 44, 90, 14, 41, 110, 12, 83, 120, 10, 97, 49, 36, 117, 38, 25, 23, 19, 48, 58, 115, 43, 85, 35, 63, 65, 51, 87, 55, 82, 62])
('toposort', [10, 107, 203, 29, 158, 93, 121, 161, 114, 182, 22, 56, 28, 172, 105, 142, 183, 82, 44, 143, 19, 73, 88, 146, 18, 127, 54, 89, 47, 58, 176, 9, 61, 129, 25, 179, 148, 149, 3, 177, 37, 185, 126, 70, 72, 128, 212, 207, 66, 69, 209, 181, 169, 48, 110, 186, 116, 108, 109, 157, 132, 33, 63, 46, 84, 196, 154, 98, 2, 192, 67, 171, 59, 85, 65, 180, 20, 6, 191, 111, 57, 165, 144, 87, 5, 31, 42, 125, 23, 168, 124, 198, 159, 13, 195, 188, 39, 145, 151, 52, 136, 141, 103, 90, 156, 83, 164, 167, 92, 175, 160, 0, 76, 166, 140, 41, 95, 147, 91, 130, 26, 174, 135, 153, 11, 60, 64, 189, 193, 204, 45, 34, 30, 80, 77, 197, 178, 115, 120, 106, 112, 119, 4, 170, 213, 21, 123, 134, 173, 43, 1, 15, 97, 55, 104, 96, 162, 16, 38, 17, 137, 138, 131, 210, 81, 79, 74, 102, 184, 150, 113, 40, 24, 32, 100, 201, 36, 62, 163, 68, 86, 12, 8, 205, 101, 194, 75, 208, 155, 94, 152, 211, 139, 99, 199, 202, 206, 200, 190, 14, 71, 53, 7, 35, 78, 50, 133, 51, 187, 122, 118, 117, 49, 27])
('cycle', [17, 123])
('cycle', [113, 5, 93, 73, 21])
('cycle', [61, 90, 8, 129, 108])
('toposort', [42, 39, 22, 80, 138, 37, 19, 54, 87, 13, 17, 147, 30, 5, 99, 49, 65, 86, 81, 63, 88, 125, 64, 71, 104, 83, 67, 41, 143, 20, 62, 48, 101, 66, 103, 135, 127, 59, 26, 70, 43, 76, 29, 46, 18, 33, 50, 112, 34, 79, 25, 32, 2, 23, 116, 115, 108, 7, 111, 27, 8, 68, 82, 94, 36, 133, 60, 139, 77, 102, 109, 3, 110, 95, 58, 120, 16, 89, 141, 28, 1, 131, 84, 15, 53, 0, 134, 14, 11, 121, 146, 136, 52, 105, 96, 140, 98, 85, 4, 91, 74, 119, 93, 73, 45, 97, 24, 69, 57, 35, 56, 113, 38, 118, 61, 72, 47, 44, 6, 107, 145, 40, 75, 106, 123, 31, 55, 12, 21, 142, 92, 90, 126, 128, 78, 132, 124, 144, 137, 10, 51, 129, 130, 100, 114, 122, 117, 9])
('toposort', [49, 95, 71, 34, 75, 88, 28, 36, 9, 74, 45, 33, 114, 23, 110, 3, 64, 103, 13, 112, 40, 102, 32, 25, 89, 21, 78, 54, 122, 39, 87, 92, 35, 55, 6, 41, 109, 61, 69, 65, 16, 107, 7, 10, 100, 53, 56, 0, 77, 50, 85, 37, 46, 26, 8, 124, 115, 96, 101, 63, 60, 123, 24, 73, 1, 30, 117, 72, 93, 111, 15, 121, 51, 27, 17, 68, 118, 52, 120, 76, 58, 11, 31, 80, 4, 119, 14, 99, 20, 44, 90, 98, 48, 104, 66, 22, 70, 18, 43, 59, 57, 86, 84, 106, 91, 29, 105, 2, 19, 83, 97, 113, 62, 12, 82, 47, 81, 42, 79, 67, 116, 108, 94, 5, 38])
('toposort', [211, 172, 145, 174, 168, 18, 171, 30, 61, 186, 49, 44, 109, 121, 29, 124, 178, 189, 140, 129, 43, 183, 194, 0, 7, 73, 120, 101, 113, 81, 176, 37, 50, 28, 107, 159, 97, 115, 54, 24, 142, 99, 14, 132, 3, 64, 201, 182, 147, 39, 22, 157, 20, 106, 6, 27, 131, 181, 160, 60, 133, 9, 166, 69, 111, 41, 204, 179, 59, 17, 67, 74, 199, 205, 66, 89, 191, 90, 52, 15, 71, 68, 76, 195, 57, 137, 196, 105, 80, 12, 79, 117, 47, 16, 135, 31, 180, 203, 136, 56, 40, 141, 110, 197, 35, 173, 34, 1, 72, 190, 23, 144, 169, 119, 200, 21, 96, 165, 155, 8, 25, 70, 149, 33, 158, 46, 164, 112, 162, 134, 207, 13, 58, 170, 85, 153, 188, 51, 53, 100, 91, 94, 198, 92, 65, 152, 104, 38, 78, 98, 95, 167, 114, 143, 84, 63, 193, 127, 148, 156, 77, 88, 116, 209, 210, 139, 62, 5, 75, 130, 146, 42, 125, 177, 19, 187, 83, 103, 55, 26, 32, 4, 126, 202, 175, 108, 161, 87, 93, 192, 128, 45, 123, 102, 185, 122, 150, 206, 86, 48, 154, 10, 163, 208, 2, 36, 138, 151, 118, 11, 184, 82])
('cycle', [103, 67, 31, 39, 96, 70])
('cycle', [43, 48, 137, 11])
('toposort', [45, 111, 161, 19, 167, 69, 163, 170, 148, 93, 30, 126, 86, 173, 102, 99, 48, 54, 65, 68, 141, 53, 17, 80, 134, 147, 142, 112, 90, 110, 98, 131, 166, 71, 115, 8, 186, 25, 62, 180, 169, 12, 47, 159, 67, 84, 46, 100, 129, 132, 133, 5, 104, 76, 154, 16, 172, 107, 162, 165, 9, 33, 28, 151, 150, 10, 2, 66, 122, 113, 178, 187, 87, 74, 6, 97, 55, 182, 14, 0, 121, 140, 75, 13, 130, 176, 56, 124, 168, 3, 120, 81, 15, 188, 43, 92, 155, 11, 157, 128, 146, 149, 138, 95, 42, 91, 108, 160, 50, 24, 27, 61, 85, 135, 88, 29, 145, 49, 127, 137, 26, 79, 117, 31, 177, 119, 101, 34, 118, 144, 174, 73, 70, 64, 20, 51, 183, 114, 39, 94, 109, 32, 125, 139, 23, 72, 35, 7, 78, 60, 185, 58, 4, 36, 82, 164, 44, 89, 59, 153, 103, 171, 41, 22, 158, 184, 175, 63, 152, 123, 77, 143, 156, 181, 1, 57, 38, 106, 37, 40, 105, 116, 52, 18, 96, 83, 21, 136, 179])
('cycle', [9, 142, 148, 69])
('cycle', [94, 44, 5, 15])
('cycle', [25, 67, 54, 111, 105, 104])
('cycle', [53, 165, 162])
('toposort', [81, 77, 84, 109, 138, 82, 42, 31, 9, 97, 3, 57, 58, 100, 107, 99, 53, 37, 54, 38, 73, 88, 19, 111, 44, 64, 20, 39, 116, 40, 28, 25, 70, 59, 86, 75, 80, 36, 124, 1, 119, 65, 33, 4, 130, 23, 16, 6, 121, 112, 103, 123, 49, 17, 0, 67, 46, 69, 2, 136, 129, 35, 27, 105, 14, 76, 45, 7, 15, 117, 13, 11, 91, 98, 34, 96, 94, 93, 72, 114, 62, 18, 22, 56, 60, 122, 10, 128, 24, 118, 5, 104, 137, 32, 133, 87, 131, 102, 30, 68, 61, 95, 12, 47, 126, 79, 29, 52, 106, 108, 132, 120, 50, 125, 66, 21, 51, 78, 55, 89, 71, 8, 127, 26, 115, 85, 48, 110, 43, 90, 101, 113, 134, 41, 92, 135, 83, 74, 63])
('toposort', [33, 142, 11, 19, 157, 64, 6, 153, 136, 114, 138, 134, 7, 65, 17, 163, 91, 4, 0, 51, 50, 29, 159, 105, 128, 125, 108, 5, 116, 149, 58, 9, 141, 154, 14, 99, 131, 90, 2, 107, 145, 83, 110, 164, 8, 61, 16, 12, 63, 47, 27, 25, 94, 121, 24, 41, 148, 23, 155, 15, 13, 62, 127, 18, 112, 88, 93, 113, 109, 86, 124, 160, 92, 1, 97, 119, 75, 32, 46, 56, 158, 85, 89, 70, 66, 44, 78, 146, 144, 77, 3, 10, 117, 87, 132, 156, 126, 55, 133, 22, 118, 42, 123, 28, 53, 67, 111, 115, 37, 79, 135, 84, 26, 68, 30, 39, 161, 76, 103, 100, 21, 102, 98, 52, 59, 69, 49, 72, 165, 74, 31, 162, 139, 129, 45, 48, 73, 122, 54, 152, 104, 40, 130, 151, 140, 101, 20, 96, 82, 38, 81, 147, 57, 120, 143, 106, 80, 60, 150, 43, 137, 95, 71, 34, 36, 35])
('toposort', [3, 71, 123, 135, 119, 7, 28, 144, 27, 16, 17, 141, 48, 50, 41, 97, 113, 8, 138, 0, 5, 136, 36, 1, 124, 129, 107, 39, 112, 150, 98, 110, 10, 99, 93, 149, 95, 26, 15, 146, 100, 104, 33, 134, 18, 147, 80, 91, 143, 84, 72, 79, 25, 45, 6, 78, 62, 127, 52, 58, 14, 101, 132, 102, 83, 140, 49, 12, 57, 2, 87, 122, 4, 64, 13, 70, 19, 137, 106, 86, 90, 35, 128, 81, 76, 24, 51, 46, 21, 66, 30, 44, 55, 131, 117, 85, 42, 103, 126, 125, 53, 108, 139, 68, 69, 47, 60, 142, 22, 114, 65, 109, 37, 115, 89, 94, 31, 111, 148, 74, 11, 88, 130, 105, 145, 77, 61, 43, 121, 29, 116, 56, 9, 40, 133, 38, 67, 96, 23, 63, 20, 75, 120, 59, 54, 34, 82, 151, 118, 92, 32, 73])
('toposort', [92, 60, 24, 107, 76, 87, 72, 105, 131, 100, 135, 50, 0, 6, 1, 34, 33, 104, 45, 132, 46, 134, 12, 90, 128, 127, 62, 95, 25, 149, 27, 142, 14, 67, 101, 71, 80, 64, 29, 121, 19, 119, 81, 143, 103, 136, 54, 66, 120, 42, 112, 49, 141, 93, 4, 139, 70, 145, 56, 98, 63, 35, 9, 78, 74, 16, 10, 79, 96, 43, 5, 22, 150, 126, 39, 18, 148, 91, 77, 151, 61, 97, 21, 122, 8, 114, 144, 108, 117, 118, 125, 11, 116, 140, 55, 106, 20, 146, 99, 83, 69, 13, 59, 102, 30, 84, 138, 38, 94, 28, 15, 124, 51, 36, 129, 147, 75, 52, 2, 111, 113, 58, 37, 86, 65, 137, 68, 17, 123, 44, 88, 89, 40, 47, 23, 82, 110, 7, 133, 130, 3, 53, 85, 73, 32, 41, 109, 31, 115, 57, 48, 26])
('cycle', [170, 196, 129, 8, 65, 71])
('toposort', [81, 187, 257, 238, 26, 71, 230, 210, 166, 75, 100, 156, 39, 233, 179, 118, 12, 213, 205, 271, 142, 24, 160, 153, 52, 138, 3, 149, 194, 113, 182, 82, 204, 256, 42, 53, 240, 266, 8, 77, 234, 265, 105, 201, 171, 228, 221, 29, 273, 61, 43, 92, 104, 174, 38, 88, 57, 79, 99, 270, 247, 155, 48, 219, 211, 163, 236, 137, 157, 73, 135, 181, 250, 91, 126, 232, 202, 110, 127, 122, 140, 7, 150, 193, 69, 87, 65, 170, 80, 196, 268, 15, 28, 146, 167, 241, 120, 207, 125, 106, 109, 189, 198, 114, 103, 260, 222, 192, 34, 50, 254, 220, 227, 14, 2, 5, 159, 68, 225, 229, 200, 35, 112, 0, 175, 130, 124, 251, 32, 41, 19, 49, 264, 111, 95, 195, 93, 47, 272, 190, 239, 72, 46, 4, 54, 173, 1, 177, 141, 242, 55, 212, 16, 17, 98, 178, 246, 117, 217, 267, 27, 154, 45, 84, 86, 21, 107, 36, 51, 248, 119, 89, 30, 231, 162, 64, 70, 255, 164, 83, 56, 94, 108, 116, 121, 132, 224, 9, 158, 161, 237, 6, 188, 115, 185, 59, 252, 180, 23, 218, 129, 172, 63, 66, 143, 18, 206, 215, 169, 191, 85, 10, 226, 186, 31, 58, 147, 235, 197, 209, 199, 183, 249, 136, 148, 131, 78, 37, 20, 165, 168, 96, 261, 269, 263, 44, 60, 223, 151, 25, 152, 145, 139, 243, 101, 33, 123, 128, 62, 259, 258, 97, 134, 216, 90, 176, 262, 102, 244, 208, 22, 245, 144, 253, 214, 67, 40, 11, 184, 203, 13, 76, 133, 74])
('toposort', [249, 104, 16, 42, 117, 36, 113, 177, 180, 198, 34, 143, 4, 208, 227, 146, 67, 245, 53, 73, 82, 160, 237, 3, 199, 1, 178, 184, 182, 159, 41, 81, 115, 210, 99, 137, 87, 204, 83, 70, 79, 45, 155, 21, 51, 14, 90, 106, 107, 123, 110, 37, 124, 94, 238, 92, 80, 158, 209, 223, 236, 43, 190, 89, 145, 149, 65, 23, 220, 71, 175, 192, 154, 161, 233, 214, 0, 168, 85, 57, 48, 17, 103, 156, 141, 49, 129, 169, 150, 54, 31, 153, 9, 152, 20, 60, 12, 100, 5, 28, 32, 140, 10, 230, 185, 225, 108, 86, 163, 111, 170, 157, 15, 235, 6, 122, 226, 52, 171, 62, 22, 38, 75, 64, 131, 2, 66, 191, 200, 162, 126, 30, 7, 121, 69, 250, 102, 248, 105, 231, 166, 147, 96, 29, 56, 167, 221, 114, 194, 213, 8, 47, 119, 19, 132, 127, 68, 172, 196, 135, 218, 215, 95, 59, 128, 247, 118, 142, 144, 188, 11, 112, 246, 189, 212, 228, 136, 58, 222, 133, 174, 201, 139, 183, 224, 46, 88, 206, 134, 93, 109, 242, 234, 216, 101, 244, 243, 229, 219, 239, 197, 217, 76, 148, 97, 74, 130, 35, 232, 181, 44, 241, 55, 24, 120, 211, 61, 77, 187, 27, 186, 26, 125, 207, 164, 50, 13, 202, 205, 39, 176, 84, 173, 72, 151, 195, 91, 63, 240, 179, 193, 33, 18, 40, 138, 116, 25, 98, 78, 203, 165])
('toposort', [142, 112, 58, 46, 128, 99, 11, 140, 138, 98, 61, 2, 10, 14, 3, 110, 141, 28, 155, 29, 120, 34, 107, 0, 96, 27, 72, 114, 39, 105, 41, 130, 26, 60, 64, 108, 1, 134, 127, 143, 94, 126, 124, 83, 43, 93, 15, 44, 119, 137, 24, 82, 5, 74, 135, 38, 55, 118, 106, 95, 133, 73, 6, 45, 4, 132, 154, 54, 111, 113, 153, 104, 67, 117, 9, 20, 65, 50, 8, 30, 12, 131, 47, 145, 22, 16, 92, 139, 32, 80, 116, 86, 68, 129, 149, 52, 150, 76, 25, 23, 103, 77, 148, 53, 97, 59, 19, 62, 147, 17, 151, 37, 7, 87, 152, 69, 48, 18, 57, 49, 70, 36, 84, 71, 125, 56, 91, 66, 35, 40, 33, 144, 122, 89, 100, 90, 101, 102, 146, 63, 81, 88, 51, 136, 79, 13, 78, 85, 123, 121, 31, 42, 21, 109, 115, 75])
('cycle', [33, 44, 46, 42, 61])
('cycle', [195, 165, 3, 75, 84, 244, 163])
('cycle', [117, 41, 90, 43, 94])
('cycle', [51, 211, 172, 57, 46, 260])
('cycle', [187, 172, 35, 100, 168, 192, 199])
('cycle', [0, 45, 148, 52, 135, 249])
('toposort', [3, 46, 91, 102, 2, 1, 4, 8, 88, 45, 60, 35, 33, 40, 36, 55, 12, 83, 62, 5, 0, 24, 81, 99, 48, 73, 100, 92, 104, 43, 98, 31, 29, 14, 66, 21, 78, 39, 52, 15, 71, 42, 23, 58, 7, 68, 59, 63, 18, 30, 54, 96, 57, 86, 27, 49, 41, 103, 13, 65, 106, 34, 79, 17, 97, 90, 101, 74, 80, 89, 22, 77, 6, 94, 51, 87, 25, 37, 64, 38, 19, 85, 105, 28, 32, 72, 61, 70, 20, 76, 50, 26, 69, 11, 75, 9, 53, 84, 95, 16, 47, 67, 10, 56, 93, 82, 44])
('cycle', [26, 138, 202, 169, 112, 4, 53, 48])
('cycle', [129, 57, 21])
('cycle', [248, 185, 107, 78, 112, 48])
('toposort', [49, 118, 78, 107, 25, 132, 28, 99, 85, 7, 1, 90, 148, 64, 122, 79, 29, 119, 141, 17, 36, 51, 128, 106, 32, 22, 111, 73, 10, 84, 140, 16, 13, 143, 124, 81, 65, 95, 80, 138, 120, 83, 26, 59, 127, 50, 34, 55, 71, 102, 76, 58, 57, 6, 89, 137, 24, 69, 27, 63, 125, 115, 21, 126, 112, 19, 93, 129, 100, 43, 139, 70, 136, 46, 91, 0, 142, 68, 117, 37, 47, 45, 54, 144, 31, 145, 135, 75, 5, 94, 103, 101, 116, 105, 61, 35, 146, 40, 77, 15, 133, 38, 67, 18, 9, 72, 147, 86, 97, 44, 12, 3, 8, 131, 11, 33, 96, 92, 2, 41, 39, 30, 114, 134, 74, 87, 82, 56, 110, 53, 98, 62, 66, 130, 109, 23, 14, 113, 108, 88, 42, 4, 52, 60, 48, 20, 121, 104, 123])
('toposort', [112, 88, 159, 17, 210, 39, 81, 231, 197, 221, 36, 179, 134, 64, 171, 7, 155, 52, 227, 193, 154, 99, 136, 13, 129, 183, 151, 25, 142, 125, 14, 32, 189, 37, 66, 245, 199, 11, 207, 80, 26, 121, 219, 180, 33, 106, 244, 53, 161, 124, 152, 90, 20, 200, 48, 167, 3, 203, 105, 29, 213, 98, 70, 137, 168, 238, 212, 186, 211, 73, 74, 141, 120, 12, 69, 118, 55, 54, 103, 243, 94, 82, 71, 87, 75, 209, 109, 195, 163, 225, 148, 0, 119, 57, 67, 61, 181, 50, 60, 113, 5, 234, 77, 89, 84, 15, 35, 102, 43, 160, 79, 34, 78, 76, 187, 100, 110, 93, 157, 122, 92, 162, 196, 85, 46, 149, 198, 38, 27, 146, 206, 236, 150, 232, 249, 111, 123, 91, 127, 44, 147, 28, 176, 63, 131, 6, 97, 220, 247, 208, 240, 184, 86, 107, 45, 223, 194, 58, 8, 250, 130, 47, 239, 31, 108, 16, 104, 214, 144, 170, 237, 202, 41, 191, 9, 56, 116, 95, 139, 22, 24, 185, 182, 18, 132, 188, 156, 145, 178, 21, 204, 201, 65, 165, 72, 114, 164, 248, 228, 143, 51, 177, 216, 175, 205, 83, 4, 138, 135, 23, 68, 30, 235, 19, 229, 117, 133, 59, 10, 101, 230, 169, 241, 226, 126, 158, 49, 62, 233, 246, 218, 140, 174, 172, 153, 115, 40, 2, 192, 242, 217, 42, 96, 190, 224, 128, 173, 166, 222, 215, 1])
('toposort', [174, 189, 67, 110, 77, 35, 120, 143, 24, 197, 209, 23, 232, 206, 49, 51, 173, 182, 175, 130, 200, 199, 93, 90, 139, 98, 75, 63, 47, 228, 60, 6, 13, 226, 217, 168, 69, 204, 194, 134, 156, 157, 65, 141, 80, 165, 178, 184, 54, 171, 4, 96, 89, 0, 212, 170, 193, 46, 48, 20, 164, 29, 103, 108, 105, 179, 116, 167, 195, 219, 186, 87, 102, 161, 84, 124, 205, 74, 229, 32, 187, 44, 225, 201, 214, 107, 81, 192, 64, 38, 55, 112, 21, 142, 153, 208, 137, 109, 148, 100, 43, 94, 160, 144, 216, 71, 190, 27, 10, 203, 70, 131, 36, 125, 114, 7, 39, 66, 172, 40, 101, 234, 86, 147, 220, 99, 73, 215, 9, 149, 14, 152, 42, 88, 126, 95, 5, 78, 22, 181, 11, 61, 19, 104, 12, 16, 180, 231, 52, 211, 68, 185, 3, 30, 15, 26, 122, 62, 28, 210, 53, 2, 158, 123, 129, 76, 162, 45, 97, 221, 176, 166, 207, 79, 151, 58, 41, 25, 115, 132, 233, 223, 31, 34, 82, 113, 140, 8, 188, 91, 17, 177, 59, 154, 127, 138, 18, 146, 169, 196, 159, 111, 133, 224, 118, 136, 85, 128, 56, 57, 155, 121, 83, 145, 202, 213, 37, 218, 33, 135, 72, 1, 183, 198, 163, 106, 119, 227, 50, 117, 150, 230, 222, 191, 92])
('cycle', [83, 80, 143, 24, 56, 81, 126, 15, 98, 63, 22, 61])
('toposort', [230, 139, 54, 130, 142, 210, 231, 30, 49, 73, 94, 176, 93, 229, 71, 10, 169, 219, 62, 36, 51, 188, 174, 107, 74, 66, 171, 181, 213, 34, 108, 162, 19, 61, 150, 187, 18, 175, 207, 166, 45, 16, 20, 167, 98, 212, 47, 200, 217, 149, 27, 15, 186, 88, 6, 215, 59, 164, 228, 39, 42, 192, 237, 5, 23, 24, 12, 152, 134, 38, 170, 195, 224, 80, 227, 168, 236, 69, 157, 33, 159, 2, 115, 201, 216, 193, 109, 173, 37, 89, 101, 220, 226, 102, 52, 57, 155, 60, 97, 196, 240, 14, 87, 137, 28, 141, 138, 158, 131, 56, 0, 8, 41, 203, 127, 29, 79, 205, 198, 172, 7, 67, 77, 126, 232, 160, 78, 82, 44, 235, 26, 92, 194, 81, 84, 85, 124, 122, 233, 72, 4, 179, 145, 156, 183, 110, 99, 148, 154, 211, 46, 100, 116, 161, 133, 91, 103, 204, 104, 143, 13, 86, 55, 113, 9, 218, 241, 48, 75, 191, 189, 222, 140, 68, 238, 17, 117, 70, 65, 178, 184, 120, 50, 121, 153, 185, 118, 43, 151, 76, 202, 147, 146, 64, 11, 22, 35, 119, 83, 221, 199, 234, 214, 129, 163, 58, 206, 25, 106, 1, 105, 114, 197, 132, 3, 136, 95, 223, 177, 123, 31, 96, 112, 180, 90, 239, 144, 53, 182, 111, 125, 208, 209, 32, 128, 225, 165, 40, 190, 135, 63, 21])
('toposort', [53, 71, 58, 90, 67, 25, 82, 7, 0, 29, 86, 62, 1, 51, 10, 92, 30, 64, 8, 43, 99, 74, 11, 13, 49, 48, 19, 46, 39, 72, 38, 40, 37, 41, 22, 61, 88, 78, 56, 97, 66, 83, 36, 69, 26, 4, 5, 79, 24, 35, 3, 84, 73, 75, 21, 47, 68, 91, 20, 80, 60, 14, 55, 87, 15, 45, 12, 65, 81, 9, 34, 6, 59, 96, 27, 33, 76, 100, 23, 18, 31, 93, 89, 17, 63, 57, 50, 2, 77, 98, 44, 85, 95, 94, 52, 28, 16, 70, 42, 54, 32])
('cycle', [1, 197, 121, 127, 219, 49])
('cycle', [3, 105, 127, 173])
('cycle', [23, 39, 29, 171, 30])
('toposort', [142, 236, 53, 138, 146, 20, 68, 123, 12, 51, 218, 176, 137, 163, 153, 239, 86, 18, 188, 0, 159, 225, 88, 126, 177, 32, 69, 175, 37, 63, 187, 227, 44, 96, 235, 207, 78, 231, 57, 130, 233, 76, 46, 111, 17, 194, 232, 3, 1, 11, 193, 179, 140, 82, 178, 36, 230, 155, 35, 112, 190, 164, 143, 61, 203, 243, 220, 48, 116, 161, 135, 158, 121, 52, 229, 109, 180, 144, 237, 160, 2, 84, 168, 81, 70, 14, 66, 8, 24, 103, 167, 217, 196, 41, 56, 102, 74, 6, 93, 173, 98, 94, 152, 181, 13, 129, 242, 219, 9, 246, 105, 133, 117, 50, 170, 139, 214, 141, 162, 55, 67, 65, 182, 38, 171, 186, 118, 114, 240, 120, 205, 169, 131, 49, 241, 29, 30, 19, 21, 79, 202, 124, 58, 197, 204, 156, 95, 80, 115, 110, 151, 90, 59, 183, 15, 71, 62, 226, 23, 27, 42, 189, 107, 147, 148, 47, 113, 198, 60, 222, 34, 33, 184, 245, 39, 224, 92, 157, 101, 100, 165, 54, 64, 4, 132, 31, 25, 216, 228, 210, 185, 75, 22, 128, 134, 28, 206, 91, 234, 119, 125, 211, 174, 149, 77, 73, 244, 199, 150, 97, 209, 45, 83, 238, 72, 166, 195, 200, 26, 172, 106, 136, 16, 215, 208, 7, 223, 43, 89, 154, 192, 99, 104, 127, 87, 122, 191, 201, 5, 213, 221, 108, 85, 145, 212, 40, 10])
('cycle', [97, 26, 94, 174, 56, 73, 151])
('cycle', [41, 84, 144])
('toposort', [267, 32, 59, 36, 210, 136, 246, 180, 229, 130, 144, 240, 236, 100, 11, 119, 44, 0, 259, 84, 151, 142, 90, 216, 147, 231, 113, 71, 171, 226, 58, 258, 67, 27, 61, 275, 244, 251, 24, 235, 128, 105, 274, 116, 280, 199, 249, 19, 201, 187, 155, 217, 253, 170, 212, 69, 174, 248, 173, 114, 160, 270, 23, 40, 9, 107, 276, 50, 221, 106, 81, 57, 3, 282, 109, 242, 224, 125, 4, 268, 2, 269, 6, 117, 73, 157, 159, 133, 150, 167, 64, 176, 45, 222, 1, 169, 260, 111, 189, 97, 228, 101, 137, 245, 213, 196, 218, 123, 56, 214, 86, 49, 272, 79, 197, 72, 234, 223, 190, 277, 143, 261, 43, 127, 15, 5, 41, 191, 55, 158, 48, 21, 60, 102, 89, 204, 129, 181, 80, 166, 215, 39, 179, 225, 183, 284, 70, 118, 115, 26, 145, 175, 219, 25, 85, 193, 178, 28, 247, 154, 177, 198, 35, 12, 126, 74, 96, 95, 206, 29, 120, 252, 188, 239, 93, 135, 271, 141, 182, 46, 139, 75, 77, 281, 186, 66, 7, 134, 255, 202, 273, 65, 30, 18, 8, 14, 138, 195, 285, 148, 99, 257, 13, 209, 165, 254, 110, 263, 22, 211, 83, 82, 192, 200, 140, 256, 220, 238, 92, 98, 31, 76, 132, 103, 17, 264, 94, 10, 163, 164, 91, 156, 37, 227, 237, 230, 168, 279, 152, 265, 104, 20, 87, 161, 112, 207, 47, 146, 243, 266, 51, 233, 208, 262, 54, 185, 131, 121, 108, 122, 52, 241, 162, 124, 205, 62, 203, 78, 16, 68, 194, 250, 232, 42, 184, 283, 278, 38, 34, 33, 53, 63, 153, 149, 88, 172])
('cycle', [0, 98, 95, 61, 71])
('cycle', [0, 22, 38])
('toposort', [83, 111, 39, 27, 32, 36, 118, 38, 4, 54, 79, 108, 85, 70, 28, 37, 115, 80, 107, 8, 62, 82, 89, 47, 30, 46, 114, 13, 10, 81, 98, 65, 50, 11, 63, 23, 35, 3, 42, 9, 12, 64, 55, 20, 119, 99, 91, 26, 41, 43, 2, 74, 1, 96, 93, 17, 18, 19, 51, 76, 22, 0, 14, 73, 24, 113, 7, 97, 109, 106, 6, 52, 57, 90, 21, 61, 58, 45, 87, 95, 25, 15, 29, 34, 88, 103, 71, 40, 59, 5, 86, 56, 69, 94, 78, 33, 53, 92, 44, 77, 31, 16, 67, 60, 102, 100, 117, 116, 101, 84, 49, 48, 72, 110, 104, 105, 75, 112, 68, 66])
('cycle', [194, 22, 8])
('toposort', [173, 202, 81, 33, 139, 94, 40, 213, 23, 130, 16, 14, 176, 166, 32, 84, 55, 224, 107, 127, 43, 3, 129, 171, 116, 4, 44, 61, 185, 65, 144, 155, 30, 204, 140, 95, 184, 24, 25, 142, 187, 175, 172, 156, 7, 93, 17, 178, 31, 152, 100, 68, 73, 165, 147, 118, 149, 121, 145, 132, 122, 200, 13, 66, 92, 90, 89, 76, 167, 180, 170, 74, 189, 133, 148, 105, 0, 60, 103, 78, 206, 214, 101, 6, 9, 27, 162, 211, 48, 154, 223, 79, 177, 99, 163, 222, 146, 134, 49, 85, 174, 46, 208, 20, 203, 63, 159, 123, 102, 221, 216, 210, 88, 37, 128, 191, 42, 96, 196, 157, 136, 195, 35, 15, 201, 186, 57, 115, 1, 58, 75, 198, 220, 54, 113, 64, 217, 112, 108, 150, 193, 52, 194, 87, 50, 11, 190, 72, 10, 117, 114, 218, 12, 209, 138, 8, 80, 69, 111, 161, 124, 153, 182, 188, 205, 34, 137, 199, 2, 158, 119, 26, 160, 179, 120, 19, 39, 168, 56, 141, 45, 104, 225, 41, 97, 67, 22, 59, 135, 47, 53, 71, 5, 86, 109, 151, 143, 183, 219, 83, 29, 98, 181, 51, 131, 192, 28, 164, 38, 215, 77, 82, 212, 106, 18, 36, 207, 110, 197, 21, 125, 91, 62, 169, 126, 70])
('cycle', [194, 218, 126, 47, 54, 142, 210, 177])
('toposort', [99, 128, 129, 61, 75, 101, 27, 92, 90, 36, 127, 73, 41, 37, 123, 82, 9, 122, 66, 20, 105, 139, 103, 35, 34, 40, 58, 131, 5, 11, 2, 120, 22, 110, 0, 57, 77, 51, 29, 23, 106, 112, 45, 1, 55, 81, 52, 31, 38, 49, 132, 95, 94, 116, 32, 63, 16, 102, 44, 137, 133, 24, 18, 71, 7, 72, 118, 25, 48, 135, 65, 4, 80, 3, 84, 96, 76, 85, 104, 69, 136, 42, 68, 78, 46, 43, 17, 141, 140, 50, 28, 39, 67, 98, 33, 130, 62, 74, 21, 111, 108, 119, 86, 121, 54, 79, 115, 107, 59, 87, 100, 19, 113, 10, 13, 8, 126, 60, 47, 26, 117, 64, 89, 125, 97, 91, 109, 138, 83, 134, 53, 93, 12, 14, 88, 30, 6, 124, 114, 70, 56, 15])
('toposort', [203, 241, 45, 100, 187, 28, 18, 47, 135, 266, 132, 208, 12, 0, 164, 63, 112, 107, 35, 33, 155, 106, 138, 193, 130, 149, 205, 105, 144, 169, 29, 165, 223, 250, 114, 201, 32, 43, 261, 131, 103, 27, 94, 159, 91, 202, 256, 57, 276, 236, 168, 228, 185, 179, 162, 278, 124, 122, 264, 174, 51, 219, 128, 273, 173, 60, 62, 46, 176, 247, 190, 209, 251, 36, 277, 123, 42, 204, 160, 271, 109, 210, 140, 151, 9, 186, 21, 270, 226, 6, 199, 61, 267, 89, 40, 59, 139, 70, 200, 129, 64, 239, 263, 221, 72, 283, 11, 126, 98, 212, 19, 214, 255, 238, 78, 225, 97, 41, 24, 95, 82, 76, 50, 96, 259, 257, 196, 218, 175, 133, 172, 146, 49, 254, 81, 230, 48, 110, 1, 69, 85, 280, 158, 252, 75, 272, 195, 80, 66, 39, 119, 127, 188, 258, 184, 118, 167, 232, 23, 183, 181, 5, 22, 198, 121, 108, 68, 268, 233, 116, 154, 111, 16, 14, 143, 161, 245, 90, 65, 249, 229, 73, 274, 31, 166, 13, 7, 282, 102, 86, 180, 88, 56, 148, 141, 189, 25, 262, 67, 197, 17, 182, 84, 194, 71, 222, 244, 136, 215, 265, 192, 163, 120, 227, 79, 157, 275, 52, 231, 74, 253, 34, 38, 117, 87, 211, 213, 137, 150, 101, 113, 243, 92, 246, 4, 260, 37, 10, 152, 240, 145, 281, 279, 216, 269, 20, 248, 134, 217, 44, 104, 177, 171, 30, 170, 224, 15, 77, 125, 58, 234, 284, 55, 99, 207, 191, 220, 142, 178, 53, 153, 8, 242, 115, 26, 93, 235, 237, 54, 83, 206, 156, 147, 3, 2])
('toposort', [258, 171, 59, 169, 202, 232, 201, 113, 100, 108, 263, 205, 126, 157, 30, 118, 165, 35, 210, 141, 219, 10, 218, 229, 41, 92, 93, 262, 5, 72, 138, 74, 57, 134, 78, 26, 17, 102, 0, 131, 13, 203, 75, 69, 16, 253, 137, 21, 225, 280, 266, 4, 172, 278, 12, 235, 220, 53, 199, 281, 167, 256, 71, 183, 223, 81, 221, 80, 240, 8, 178, 94, 101, 136, 150, 32, 241, 252, 158, 56, 135, 132, 50, 29, 44, 208, 42, 214, 213, 14, 227, 188, 175, 22, 270, 198, 168, 159, 271, 143, 60, 259, 239, 190, 148, 28, 273, 7, 36, 25, 274, 197, 207, 90, 84, 156, 111, 286, 251, 82, 282, 179, 276, 255, 54, 34, 260, 185, 277, 64, 154, 133, 170, 52, 145, 107, 233, 97, 24, 155, 269, 55, 128, 45, 124, 224, 67, 130, 284, 31, 192, 186, 174, 76, 125, 144, 275, 147, 209, 83, 63, 151, 191, 115, 242, 195, 261, 216, 79, 164, 66, 217, 96, 162, 117, 249, 265, 110, 119, 230, 116, 9, 283, 257, 142, 87, 2, 109, 238, 46, 200, 222, 189, 149, 246, 212, 196, 236, 184, 248, 15, 226, 105, 153, 140, 173, 18, 65, 99, 43, 48, 68, 268, 146, 91, 39, 104, 77, 89, 231, 123, 103, 272, 180, 95, 51, 211, 204, 86, 234, 161, 206, 285, 177, 19, 23, 250, 254, 194, 166, 160, 237, 228, 106, 61, 279, 1, 40, 20, 88, 114, 120, 70, 122, 187, 27, 287, 38, 264, 3, 152, 243, 121, 181, 49, 85, 244, 33, 182, 6, 112, 58, 267, 47, 139, 127, 245, 215, 247, 98, 62, 129, 163, 73, 11, 193, 176, 37])
('cycle', [193, 20, 33, 69, 168, 187, 247])
('cycle', [97, 49, 117, 104, 7, 175])
('toposort', [141, 199, 102, 227, 229, 60, 46, 135, 50, 190, 4, 274, 270, 180, 103, 209, 14, 151, 127, 186, 235, 223, 202, 267, 148, 232, 30, 99, 276, 10, 120, 263, 222, 231, 80, 163, 145, 234, 166, 3, 244, 37, 19, 197, 224, 85, 76, 26, 22, 198, 129, 0, 130, 94, 162, 8, 55, 11, 5, 44, 6, 64, 169, 25, 87, 38, 89, 77, 123, 147, 74, 119, 28, 139, 131, 107, 73, 271, 243, 241, 203, 67, 179, 91, 137, 43, 88, 63, 165, 211, 58, 261, 114, 262, 101, 95, 53, 153, 66, 52, 188, 248, 45, 13, 79, 207, 121, 155, 7, 47, 161, 247, 34, 40, 178, 193, 219, 277, 98, 54, 109, 264, 17, 23, 78, 49, 142, 259, 218, 168, 140, 68, 239, 110, 158, 253, 236, 181, 133, 176, 191, 254, 245, 177, 118, 266, 194, 213, 134, 105, 18, 192, 128, 136, 157, 242, 238, 39, 138, 225, 16, 86, 36, 96, 216, 268, 90, 31, 221, 125, 257, 196, 265, 9, 269, 256, 210, 70, 113, 201, 104, 51, 83, 144, 12, 172, 32, 41, 132, 251, 173, 215, 152, 154, 61, 117, 35, 108, 150, 214, 205, 75, 2, 249, 250, 260, 184, 15, 29, 149, 272, 217, 82, 275, 208, 273, 175, 20, 92, 182, 65, 164, 24, 170, 240, 112, 115, 187, 246, 195, 56, 204, 143, 220, 167, 226, 171, 237, 258, 71, 183, 72, 84, 97, 233, 100, 48, 206, 160, 62, 185, 146, 1, 33, 252, 81, 93, 21, 122, 111, 230, 106, 212, 42, 124, 189, 59, 69, 116, 159, 126, 57, 255, 174, 228, 156, 27, 200])
('toposort', [47, 177, 176, 79, 90, 25, 149, 50, 32, 92, 18, 57, 118, 167, 142, 19, 136, 20, 9, 71, 35, 31, 108, 14, 135, 10, 171, 101, 123, 173, 77, 94, 3, 51, 130, 84, 87, 158, 36, 127, 109, 26, 75, 105, 104, 4, 42, 134, 44, 41, 133, 58, 99, 140, 34, 174, 116, 96, 132, 17, 170, 81, 69, 122, 129, 154, 40, 6, 63, 138, 45, 144, 121, 0, 165, 64, 89, 23, 91, 155, 126, 98, 97, 137, 22, 2, 112, 78, 153, 15, 157, 141, 88, 150, 164, 59, 113, 66, 102, 82, 54, 61, 100, 85, 52, 72, 49, 62, 146, 8, 93, 107, 65, 145, 70, 76, 55, 162, 13, 24, 159, 175, 74, 139, 7, 29, 128, 80, 33, 86, 68, 131, 156, 67, 169, 168, 148, 5, 160, 95, 12, 37, 73, 114, 110, 117, 172, 60, 16, 119, 161, 163, 111, 38, 46, 166, 124, 43, 39, 11, 83, 48, 152, 151, 115, 103, 147, 125, 28, 21, 143, 120, 53, 106, 1, 27, 30, 56])
('toposort', [123, 91, 94, 78, 2, 43, 112, 109, 0, 10, 108, 50, 92, 88, 63, 38, 64, 135, 48, 27, 69, 74, 140, 56, 32, 95, 28, 51, 79, 19, 25, 102, 62, 70, 60, 4, 83, 39, 36, 90, 65, 110, 87, 66, 114, 15, 16, 122, 55, 107, 26, 105, 126, 81, 131, 33, 115, 59, 100, 77, 52, 76, 148, 21, 57, 97, 1, 45, 67, 11, 41, 117, 144, 49, 141, 80, 42, 12, 138, 139, 53, 9, 119, 68, 54, 104, 84, 20, 7, 30, 82, 24, 22, 133, 111, 145, 58, 86, 44, 31, 96, 85, 113, 99, 47, 130, 101, 146, 14, 17, 13, 61, 8, 35, 142, 6, 29, 89, 34, 149, 143, 37, 106, 125, 116, 118, 134, 127, 120, 40, 75, 18, 46, 136, 3, 128, 129, 147, 71, 124, 121, 103, 23, 137, 132, 98, 93, 73, 5, 72])
('toposort', [73, 4, 12, 96, 53, 10, 48, 82, 27, 3, 17, 8, 45, 61, 51, 49, 32, 54, 30, 71, 93, 29, 43, 31, 33, 25, 94, 80, 1, 63, 84, 92, 52, 81, 58, 38, 47, 91, 41, 0, 66, 87, 5, 70, 22, 75, 95, 18, 74, 42, 88, 69, 89, 21, 15, 14, 34, 60, 19, 39, 20, 9, 78, 40, 98, 16, 56, 68, 90, 83, 65, 46, 26, 97, 35, 76, 79, 23, 11, 64, 67, 55, 28, 57, 6, 37, 86, 50, 59, 2, 62, 85, 7, 72, 24, 44, 13, 77, 36])
('toposort', [87, 70, 145, 74, 44, 3, 27, 57, 143, 46, 30, 50, 123, 153, 99, 68, 164, 102, 62, 141, 32, 173, 110, 82, 45, 38, 48, 168, 148, 20, 93, 26, 24, 116, 175, 97, 80, 150, 138, 11, 135, 100, 114, 101, 16, 65, 77, 17, 146, 90, 127, 28, 163, 136, 113, 125, 129, 10, 109, 12, 154, 104, 133, 5, 71, 139, 160, 78, 95, 51, 169, 137, 43, 89, 40, 115, 96, 118, 39, 142, 75, 53, 121, 61, 162, 64, 131, 34, 112, 170, 49, 140, 29, 158, 36, 63, 85, 19, 128, 56, 37, 1, 86, 52, 174, 92, 60, 120, 14, 42, 117, 132, 7, 165, 13, 4, 167, 126, 0, 108, 73, 147, 94, 83, 159, 107, 72, 23, 69, 166, 54, 122, 111, 47, 151, 35, 67, 55, 98, 59, 124, 156, 6, 2, 66, 18, 21, 105, 119, 88, 15, 144, 33, 58, 41, 8, 76, 149, 161, 157, 106, 25, 172, 84, 9, 22, 130, 155, 152, 134, 81, 103, 171, 31, 79, 91])
('cycle', [7, 154, 126, 44, 124, 22, 51, 136, 83])
('toposort', [3, 43, 34, 54, 26, 32, 20, 38, 96, 79, 36, 115, 8, 66, 73, 7, 90, 86, 31, 85, 10, 40, 55, 23, 87, 114, 80, 109, 75, 1, 52, 53, 6, 47, 98, 68, 70, 116, 48, 113, 24, 91, 59, 97, 65, 22, 107, 44, 18, 84, 71, 77, 120, 11, 118, 39, 111, 63, 92, 89, 9, 67, 5, 15, 81, 56, 14, 103, 12, 0, 21, 13, 57, 46, 94, 82, 51, 106, 30, 102, 17, 119, 61, 42, 104, 33, 58, 99, 100, 108, 60, 19, 110, 27, 29, 78, 16, 49, 45, 37, 74, 105, 72, 101, 76, 62, 83, 117, 25, 93, 69, 95, 41, 112, 88, 64, 2, 50, 4, 35, 28])
('toposort', [83, 68, 70, 91, 95, 116, 90, 119, 18, 73, 41, 99, 28, 53, 55, 30, 56, 103, 58, 37, 47, 114, 7, 122, 100, 111, 93, 125, 109, 10, 71, 49, 20, 66, 45, 85, 76, 74, 19, 123, 29, 120, 128, 3, 118, 38, 64, 50, 31, 43, 16, 89, 127, 77, 78, 117, 48, 2, 98, 32, 130, 59, 84, 87, 79, 6, 26, 46, 1, 97, 40, 72, 86, 52, 115, 110, 13, 23, 11, 67, 65, 121, 34, 129, 22, 15, 60, 75, 42, 88, 112, 104, 61, 108, 51, 82, 21, 24, 96, 44, 9, 101, 63, 5, 124, 54, 69, 113, 0, 17, 35, 14, 27, 25, 62, 81, 33, 57, 126, 36, 92, 8, 106, 94, 102, 39, 107, 105, 4, 80, 12])
('cycle', [64, 94, 172, 121, 184, 179, 168, 61])
('cycle', [26, 29, 14, 34, 51])
('cycle', [37, 209, 275, 90, 277, 237, 65])
('cycle', [87, 52, 6, 113, 101, 22])
('toposort', [96, 101, 174, 114, 60, 38, 77, 92, 34, 98, 53, 19, 181, 78, 13, 59, 27, 62, 65, 74, 2, 10, 26, 145, 197, 93, 168, 173, 11, 132, 136, 64, 82, 79, 129, 84, 166, 141, 144, 15, 67, 91, 135, 100, 20, 146, 203, 149, 186, 12, 32, 39, 31, 87, 24, 120, 112, 140, 6, 164, 169, 116, 23, 90, 113, 185, 163, 131, 46, 22, 123, 58, 194, 192, 122, 0, 200, 196, 71, 154, 190, 57, 73, 179, 25, 76, 188, 124, 193, 81, 52, 176, 99, 162, 104, 41, 156, 3, 111, 61, 127, 50, 80, 201, 97, 153, 187, 66, 133, 150, 110, 171, 130, 94, 172, 175, 17, 9, 1, 148, 18, 182, 16, 37, 180, 152, 49, 195, 48, 102, 158, 28, 88, 56, 21, 147, 40, 170, 69, 106, 167, 165, 159, 29, 70, 75, 128, 138, 151, 139, 36, 55, 5, 126, 184, 160, 108, 54, 63, 107, 125, 43, 33, 178, 51, 199, 143, 89, 68, 117, 142, 4, 47, 189, 134, 183, 45, 30, 35, 14, 7, 95, 161, 137, 202, 44, 103, 72, 86, 85, 118, 83, 119, 191, 109, 8, 198, 157, 177, 155, 121, 115, 42, 105])
('toposort', [12, 54, 50, 92, 84, 128, 171, 145, 98, 121, 69, 5, 90, 86, 32, 73, 30, 79, 105, 14, 125, 44, 88, 113, 62, 103, 170, 3, 76, 66, 96, 60, 77, 161, 7, 1, 20, 82, 165, 126, 138, 108, 111, 11, 45, 146, 135, 75, 18, 4, 123, 24, 109, 153, 0, 35, 39, 19, 15, 120, 47, 21, 140, 162, 9, 43, 85, 97, 22, 80, 87, 142, 61, 124, 144, 154, 58, 13, 23, 129, 99, 150, 89, 158, 122, 134, 132, 167, 28, 36, 95, 116, 55, 172, 152, 94, 119, 51, 56, 70, 137, 37, 133, 72, 83, 101, 115, 164, 104, 149, 74, 107, 65, 155, 114, 136, 143, 59, 93, 147, 25, 31, 163, 63, 6, 117, 81, 34, 100, 38, 173, 156, 64, 67, 71, 102, 29, 106, 52, 26, 57, 151, 8, 40, 168, 166, 91, 131, 110, 141, 33, 159, 42, 157, 148, 139, 78, 169, 46, 68, 10, 130, 2, 53, 27, 16, 17, 48, 49, 112, 41, 160, 127, 118])
('toposort', [46, 217, 136, 90, 155, 69, 134, 85, 187, 148, 60, 101, 72, 88, 177, 96, 211, 224, 226, 108, 214, 129, 66, 204, 178, 93, 68, 43, 2, 173, 81, 109, 209, 121, 201, 51, 219, 210, 74, 99, 45, 18, 215, 222, 132, 164, 151, 7, 19, 207, 147, 5, 39, 98, 159, 40, 154, 149, 33, 83, 48, 127, 57, 156, 143, 194, 174, 94, 124, 184, 130, 123, 58, 191, 183, 141, 117, 202, 230, 65, 32, 114, 135, 160, 231, 171, 92, 102, 122, 119, 30, 77, 0, 125, 42, 162, 139, 120, 100, 44, 223, 47, 118, 157, 229, 82, 150, 105, 189, 208, 38, 84, 79, 49, 166, 185, 76, 24, 203, 138, 116, 75, 103, 232, 80, 167, 52, 8, 205, 13, 228, 15, 59, 104, 212, 221, 107, 140, 176, 126, 95, 146, 220, 200, 62, 9, 1, 36, 31, 106, 16, 50, 97, 11, 78, 190, 186, 112, 37, 67, 28, 165, 213, 144, 199, 188, 14, 41, 3, 23, 168, 63, 197, 27, 158, 4, 6, 179, 180, 64, 161, 86, 172, 175, 196, 182, 163, 55, 54, 87, 128, 152, 227, 113, 218, 56, 34, 131, 216, 142, 198, 20, 22, 145, 53, 110, 89, 169, 26, 193, 10, 170, 195, 25, 181, 192, 115, 17, 225, 206, 35, 153, 70, 137, 73, 12, 133, 71, 111, 21, 91, 61, 29])
('cycle', [14, 5, 126, 106])
('toposort', [78, 26, 57, 56, 28, 74, 102, 122, 54, 112, 1, 98, 90, 43, 2, 116, 31, 38, 127, 41, 14, 128, 137, 9, 133, 47, 130, 89, 136, 80, 58, 119, 93, 64, 51, 55, 94, 27, 49, 11, 10, 117, 37, 25, 45, 106, 7, 83, 3, 76, 15, 140, 87, 32, 75, 30, 66, 110, 77, 69, 68, 115, 5, 21, 44, 129, 36, 72, 88, 131, 134, 96, 91, 52, 71, 123, 120, 0, 39, 73, 50, 85, 18, 23, 121, 65, 126, 42, 35, 95, 84, 135, 59, 29, 24, 101, 13, 33, 79, 97, 8, 48, 22, 105, 103, 63, 86, 92, 124, 53, 12, 67, 62, 138, 109, 20, 6, 107, 99, 139, 113, 17, 125, 100, 61, 111, 82, 46, 132, 60, 16, 114, 70, 81, 19, 118, 34, 104, 108, 4, 40])
